 2 3 4 5 6:
0 1 1 1 1 1 : 1
 2 3 4 6:
0 1 1 1 0 2 : 2
0 1 1 1 1 1 : 1
 2 3 5 6:
0 1 1 0 1 2 : 2
0 1 1 0 2 1 : 4
0 1 1 1 1 1 : 2
 2 3 6:
0 1 1 0 0 3 : 6
0 1 1 0 1 2 : 4
0 1 1 0 2 1 : 2
0 1 1 1 0 2 : 2
0 1 1 1 1 1 : 1
 2 4 5 6:
0 1 0 1 1 2 : 2
0 1 0 1 2 1 : 4
0 1 0 2 1 1 : 6
0 1 1 1 1 1 : 3
 2 4 6:
0 1 0 1 0 3 : 6
0 1 0 1 1 2 : 4
0 1 0 1 2 1 : 2
0 1 0 2 0 2 : 8
0 1 0 2 1 1 : 4
0 1 1 1 0 2 : 4
0 1 1 1 1 1 : 2
 2 5 6:
0 1 0 0 1 3 : 6
0 1 0 0 2 2 : 12
0 1 0 0 3 1 : 18
0 1 0 1 1 2 : 6
0 1 0 1 2 1 : 12
0 1 0 2 1 1 : 6
0 1 1 0 1 2 : 2
0 1 1 0 2 1 : 6
0 1 1 1 1 1 : 3
 2 6:
0 1 0 0 0 4 : 24
0 1 0 0 1 3 : 18
0 1 0 0 2 2 : 12
0 1 0 0 3 1 : 6
0 1 0 1 0 3 : 12
0 1 0 1 1 2 : 8
0 1 0 1 2 1 : 4
0 1 0 2 0 2 : 4
0 1 0 2 1 1 : 2
0 1 1 0 0 3 : 6
0 1 1 0 1 2 : 4
0 1 1 0 2 1 : 2
0 1 1 1 0 2 : 2
0 1 1 1 1 1 : 1
 3 4 5 6:
0 0 1 1 1 2 : 2
0 0 1 1 2 1 : 4
0 0 1 2 1 1 : 6
0 0 2 1 1 1 : 8
0 1 1 1 1 1 : 4
 3 4 6:
0 0 1 1 0 3 : 6
0 0 1 1 1 2 : 4
0 0 1 1 2 1 : 2
0 0 1 2 0 2 : 8
0 0 1 2 1 1 : 4
0 0 2 1 0 2 : 12
0 0 2 1 1 1 : 6
0 1 1 1 0 2 : 6
0 1 1 1 1 1 : 3
 3 5 6:
0 0 1 0 1 3 : 6
0 0 1 0 2 2 : 12
0 0 1 0 3 1 : 18
0 0 1 1 1 2 : 6
0 0 1 1 2 1 : 12
0 0 1 2 1 1 : 6
0 0 2 0 1 2 : 8
0 0 2 0 2 1 : 20
0 0 2 1 1 1 : 10
0 1 1 0 1 2 : 4
0 1 1 0 2 1 : 10
0 1 1 1 1 1 : 5
 3 6:
0 0 1 0 0 4 : 24
0 0 1 0 1 3 : 18
0 0 1 0 2 2 : 12
0 0 1 0 3 1 : 6
0 0 1 1 0 3 : 12
0 0 1 1 1 2 : 8
0 0 1 1 2 1 : 4
0 0 1 2 0 2 : 4
0 0 1 2 1 1 : 2
0 0 2 0 0 3 : 24
0 0 2 0 1 2 : 16
0 0 2 0 2 1 : 8
0 0 2 1 0 2 : 8
0 0 2 1 1 1 : 4
0 1 1 0 0 3 : 12
0 1 1 0 1 2 : 8
0 1 1 0 2 1 : 4
0 1 1 1 0 2 : 4
0 1 1 1 1 1 : 2
 4 5 6:
0 0 0 1 1 3 : 6
0 0 0 1 2 2 : 12
0 0 0 1 3 1 : 18
0 0 0 2 1 2 : 16
0 0 0 2 2 1 : 32
0 0 0 3 1 1 : 36
0 0 1 1 1 2 : 8
0 0 1 1 2 1 : 16
0 0 1 2 1 1 : 24
0 0 2 1 1 1 : 12
0 1 0 1 1 2 : 2
0 1 0 1 2 1 : 6
0 1 0 2 1 1 : 12
0 1 1 1 1 1 : 6
 4 6:
0 0 0 1 0 4 : 24
0 0 0 1 1 3 : 18
0 0 0 1 2 2 : 12
0 0 0 1 3 1 : 6
0 0 0 2 0 3 : 36
0 0 0 2 1 2 : 24
0 0 0 2 2 1 : 12
0 0 0 3 0 2 : 36
0 0 0 3 1 1 : 18
0 0 1 1 0 3 : 18
0 0 1 1 1 2 : 12
0 0 1 1 2 1 : 6
0 0 1 2 0 2 : 24
0 0 1 2 1 1 : 12
0 0 2 1 0 2 : 12
0 0 2 1 1 1 : 6
0 1 0 1 0 3 : 6
0 1 0 1 1 2 : 4
0 1 0 1 2 1 : 2
0 1 0 2 0 2 : 12
0 1 0 2 1 1 : 6
0 1 1 1 0 2 : 6
0 1 1 1 1 1 : 3
 5 6:
0 0 0 0 1 4 : 24
0 0 0 0 2 3 : 48
0 0 0 0 3 2 : 72
0 0 0 0 4 1 : 96
0 0 0 1 1 3 : 24
0 0 0 1 2 2 : 48
0 0 0 1 3 1 : 72
0 0 0 2 1 2 : 24
0 0 0 2 2 1 : 48
0 0 0 3 1 1 : 24
0 0 1 0 1 3 : 12
0 0 1 0 2 2 : 28
0 0 1 0 3 1 : 48
0 0 1 1 1 2 : 14
0 0 1 1 2 1 : 32
0 0 1 2 1 1 : 16
0 0 2 0 1 2 : 4
0 0 2 0 2 1 : 16
0 0 2 1 1 1 : 8
0 1 0 0 1 3 : 6
0 1 0 0 2 2 : 12
0 1 0 0 3 1 : 24
0 1 0 1 1 2 : 6
0 1 0 1 2 1 : 16
0 1 0 2 1 1 : 8
0 1 1 0 1 2 : 2
0 1 1 0 2 1 : 8
0 1 1 1 1 1 : 4
 6:
0 0 0 0 0 5 : 120
0 0 0 0 1 4 : 96
0 0 0 0 2 3 : 72
0 0 0 0 3 2 : 48
0 0 0 0 4 1 : 24
0 0 0 1 0 4 : 72
0 0 0 1 1 3 : 54
0 0 0 1 2 2 : 36
0 0 0 1 3 1 : 18
0 0 0 2 0 3 : 36
0 0 0 2 1 2 : 24
0 0 0 2 2 1 : 12
0 0 0 3 0 2 : 12
0 0 0 3 1 1 : 6
0 0 1 0 0 4 : 48
0 0 1 0 1 3 : 36
0 0 1 0 2 2 : 24
0 0 1 0 3 1 : 12
0 0 1 1 0 3 : 24
0 0 1 1 1 2 : 16
0 0 1 1 2 1 : 8
0 0 1 2 0 2 : 8
0 0 1 2 1 1 : 4
0 0 2 0 0 3 : 12
0 0 2 0 1 2 : 8
0 0 2 0 2 1 : 4
0 0 2 1 0 2 : 4
0 0 2 1 1 1 : 2
0 1 0 0 0 4 : 24
0 1 0 0 1 3 : 18
0 1 0 0 2 2 : 12
0 1 0 0 3 1 : 6
0 1 0 1 0 3 : 12
0 1 0 1 1 2 : 8
0 1 0 1 2 1 : 4
0 1 0 2 0 2 : 4
0 1 0 2 1 1 : 2
0 1 1 0 0 3 : 6
0 1 1 0 1 2 : 4
0 1 1 0 2 1 : 2
0 1 1 1 0 2 : 2
0 1 1 1 1 1 : 1
Total connected chord diagrams of size 6: 2830
computation took about 0.03 seconds
