 2 3 4 5 6 7:
0 1 1 1 1 1 1 : 1
 2 3 4 5 7:
0 1 1 1 1 0 2 : 2
0 1 1 1 1 1 1 : 1
 2 3 4 6 7:
0 1 1 1 0 1 2 : 2
0 1 1 1 0 2 1 : 4
0 1 1 1 1 1 1 : 2
 2 3 4 7:
0 1 1 1 0 0 3 : 6
0 1 1 1 0 1 2 : 4
0 1 1 1 0 2 1 : 2
0 1 1 1 1 0 2 : 2
0 1 1 1 1 1 1 : 1
 2 3 5 6 7:
0 1 1 0 1 1 2 : 2
0 1 1 0 1 2 1 : 4
0 1 1 0 2 1 1 : 6
0 1 1 1 1 1 1 : 3
 2 3 5 7:
0 1 1 0 1 0 3 : 6
0 1 1 0 1 1 2 : 4
0 1 1 0 1 2 1 : 2
0 1 1 0 2 0 2 : 8
0 1 1 0 2 1 1 : 4
0 1 1 1 1 0 2 : 4
0 1 1 1 1 1 1 : 2
 2 3 6 7:
0 1 1 0 0 1 3 : 6
0 1 1 0 0 2 2 : 12
0 1 1 0 0 3 1 : 18
0 1 1 0 1 1 2 : 6
0 1 1 0 1 2 1 : 12
0 1 1 0 2 1 1 : 6
0 1 1 1 0 1 2 : 2
0 1 1 1 0 2 1 : 6
0 1 1 1 1 1 1 : 3
 2 3 7:
0 1 1 0 0 0 4 : 24
0 1 1 0 0 1 3 : 18
0 1 1 0 0 2 2 : 12
0 1 1 0 0 3 1 : 6
0 1 1 0 1 0 3 : 12
0 1 1 0 1 1 2 : 8
0 1 1 0 1 2 1 : 4
0 1 1 0 2 0 2 : 4
0 1 1 0 2 1 1 : 2
0 1 1 1 0 0 3 : 6
0 1 1 1 0 1 2 : 4
0 1 1 1 0 2 1 : 2
0 1 1 1 1 0 2 : 2
0 1 1 1 1 1 1 : 1
 2 4 5 6 7:
0 1 0 1 1 1 2 : 2
0 1 0 1 1 2 1 : 4
0 1 0 1 2 1 1 : 6
0 1 0 2 1 1 1 : 8
0 1 1 1 1 1 1 : 4
 2 4 5 7:
0 1 0 1 1 0 3 : 6
0 1 0 1 1 1 2 : 4
0 1 0 1 1 2 1 : 2
0 1 0 1 2 0 2 : 8
0 1 0 1 2 1 1 : 4
0 1 0 2 1 0 2 : 12
0 1 0 2 1 1 1 : 6
0 1 1 1 1 0 2 : 6
0 1 1 1 1 1 1 : 3
 2 4 6 7:
0 1 0 1 0 1 3 : 6
0 1 0 1 0 2 2 : 12
0 1 0 1 0 3 1 : 18
0 1 0 1 1 1 2 : 6
0 1 0 1 1 2 1 : 12
0 1 0 1 2 1 1 : 6
0 1 0 2 0 1 2 : 8
0 1 0 2 0 2 1 : 20
0 1 0 2 1 1 1 : 10
0 1 1 1 0 1 2 : 4
0 1 1 1 0 2 1 : 10
0 1 1 1 1 1 1 : 5
 2 4 7:
0 1 0 1 0 0 4 : 24
0 1 0 1 0 1 3 : 18
0 1 0 1 0 2 2 : 12
0 1 0 1 0 3 1 : 6
0 1 0 1 1 0 3 : 12
0 1 0 1 1 1 2 : 8
0 1 0 1 1 2 1 : 4
0 1 0 1 2 0 2 : 4
0 1 0 1 2 1 1 : 2
0 1 0 2 0 0 3 : 24
0 1 0 2 0 1 2 : 16
0 1 0 2 0 2 1 : 8
0 1 0 2 1 0 2 : 8
0 1 0 2 1 1 1 : 4
0 1 1 1 0 0 3 : 12
0 1 1 1 0 1 2 : 8
0 1 1 1 0 2 1 : 4
0 1 1 1 1 0 2 : 4
0 1 1 1 1 1 1 : 2
 2 5 6 7:
0 1 0 0 1 1 3 : 6
0 1 0 0 1 2 2 : 12
0 1 0 0 1 3 1 : 18
0 1 0 0 2 1 2 : 16
0 1 0 0 2 2 1 : 32
0 1 0 0 3 1 1 : 36
0 1 0 1 1 1 2 : 8
0 1 0 1 1 2 1 : 16
0 1 0 1 2 1 1 : 24
0 1 0 2 1 1 1 : 12
0 1 1 0 1 1 2 : 2
0 1 1 0 1 2 1 : 6
0 1 1 0 2 1 1 : 12
0 1 1 1 1 1 1 : 6
 2 5 7:
0 1 0 0 1 0 4 : 24
0 1 0 0 1 1 3 : 18
0 1 0 0 1 2 2 : 12
0 1 0 0 1 3 1 : 6
0 1 0 0 2 0 3 : 36
0 1 0 0 2 1 2 : 24
0 1 0 0 2 2 1 : 12
0 1 0 0 3 0 2 : 36
0 1 0 0 3 1 1 : 18
0 1 0 1 1 0 3 : 18
0 1 0 1 1 1 2 : 12
0 1 0 1 1 2 1 : 6
0 1 0 1 2 0 2 : 24
0 1 0 1 2 1 1 : 12
0 1 0 2 1 0 2 : 12
0 1 0 2 1 1 1 : 6
0 1 1 0 1 0 3 : 6
0 1 1 0 1 1 2 : 4
0 1 1 0 1 2 1 : 2
0 1 1 0 2 0 2 : 12
0 1 1 0 2 1 1 : 6
0 1 1 1 1 0 2 : 6
0 1 1 1 1 1 1 : 3
 2 6 7:
0 1 0 0 0 1 4 : 24
0 1 0 0 0 2 3 : 48
0 1 0 0 0 3 2 : 72
0 1 0 0 0 4 1 : 96
0 1 0 0 1 1 3 : 24
0 1 0 0 1 2 2 : 48
0 1 0 0 1 3 1 : 72
0 1 0 0 2 1 2 : 24
0 1 0 0 2 2 1 : 48
0 1 0 0 3 1 1 : 24
0 1 0 1 0 1 3 : 12
0 1 0 1 0 2 2 : 28
0 1 0 1 0 3 1 : 48
0 1 0 1 1 1 2 : 14
0 1 0 1 1 2 1 : 32
0 1 0 1 2 1 1 : 16
0 1 0 2 0 1 2 : 4
0 1 0 2 0 2 1 : 16
0 1 0 2 1 1 1 : 8
0 1 1 0 0 1 3 : 6
0 1 1 0 0 2 2 : 12
0 1 1 0 0 3 1 : 24
0 1 1 0 1 1 2 : 6
0 1 1 0 1 2 1 : 16
0 1 1 0 2 1 1 : 8
0 1 1 1 0 1 2 : 2
0 1 1 1 0 2 1 : 8
0 1 1 1 1 1 1 : 4
 2 7:
0 1 0 0 0 0 5 : 120
0 1 0 0 0 1 4 : 96
0 1 0 0 0 2 3 : 72
0 1 0 0 0 3 2 : 48
0 1 0 0 0 4 1 : 24
0 1 0 0 1 0 4 : 72
0 1 0 0 1 1 3 : 54
0 1 0 0 1 2 2 : 36
0 1 0 0 1 3 1 : 18
0 1 0 0 2 0 3 : 36
0 1 0 0 2 1 2 : 24
0 1 0 0 2 2 1 : 12
0 1 0 0 3 0 2 : 12
0 1 0 0 3 1 1 : 6
0 1 0 1 0 0 4 : 48
0 1 0 1 0 1 3 : 36
0 1 0 1 0 2 2 : 24
0 1 0 1 0 3 1 : 12
0 1 0 1 1 0 3 : 24
0 1 0 1 1 1 2 : 16
0 1 0 1 1 2 1 : 8
0 1 0 1 2 0 2 : 8
0 1 0 1 2 1 1 : 4
0 1 0 2 0 0 3 : 12
0 1 0 2 0 1 2 : 8
0 1 0 2 0 2 1 : 4
0 1 0 2 1 0 2 : 4
0 1 0 2 1 1 1 : 2
0 1 1 0 0 0 4 : 24
0 1 1 0 0 1 3 : 18
0 1 1 0 0 2 2 : 12
0 1 1 0 0 3 1 : 6
0 1 1 0 1 0 3 : 12
0 1 1 0 1 1 2 : 8
0 1 1 0 1 2 1 : 4
0 1 1 0 2 0 2 : 4
0 1 1 0 2 1 1 : 2
0 1 1 1 0 0 3 : 6
0 1 1 1 0 1 2 : 4
0 1 1 1 0 2 1 : 2
0 1 1 1 1 0 2 : 2
0 1 1 1 1 1 1 : 1
 3 4 5 6 7:
0 0 1 1 1 1 2 : 2
0 0 1 1 1 2 1 : 4
0 0 1 1 2 1 1 : 6
0 0 1 2 1 1 1 : 8
0 0 2 1 1 1 1 : 10
0 1 1 1 1 1 1 : 5
 3 4 5 7:
0 0 1 1 1 0 3 : 6
0 0 1 1 1 1 2 : 4
0 0 1 1 1 2 1 : 2
0 0 1 1 2 0 2 : 8
0 0 1 1 2 1 1 : 4
0 0 1 2 1 0 2 : 12
0 0 1 2 1 1 1 : 6
0 0 2 1 1 0 2 : 16
0 0 2 1 1 1 1 : 8
0 1 1 1 1 0 2 : 8
0 1 1 1 1 1 1 : 4
 3 4 6 7:
0 0 1 1 0 1 3 : 6
0 0 1 1 0 2 2 : 12
0 0 1 1 0 3 1 : 18
0 0 1 1 1 1 2 : 6
0 0 1 1 1 2 1 : 12
0 0 1 1 2 1 1 : 6
0 0 1 2 0 1 2 : 8
0 0 1 2 0 2 1 : 20
0 0 1 2 1 1 1 : 10
0 0 2 1 0 1 2 : 12
0 0 2 1 0 2 1 : 28
0 0 2 1 1 1 1 : 14
0 1 1 1 0 1 2 : 6
0 1 1 1 0 2 1 : 14
0 1 1 1 1 1 1 : 7
 3 4 7:
0 0 1 1 0 0 4 : 24
0 0 1 1 0 1 3 : 18
0 0 1 1 0 2 2 : 12
0 0 1 1 0 3 1 : 6
0 0 1 1 1 0 3 : 12
0 0 1 1 1 1 2 : 8
0 0 1 1 1 2 1 : 4
0 0 1 1 2 0 2 : 4
0 0 1 1 2 1 1 : 2
0 0 1 2 0 0 3 : 24
0 0 1 2 0 1 2 : 16
0 0 1 2 0 2 1 : 8
0 0 1 2 1 0 2 : 8
0 0 1 2 1 1 1 : 4
0 0 2 1 0 0 3 : 36
0 0 2 1 0 1 2 : 24
0 0 2 1 0 2 1 : 12
0 0 2 1 1 0 2 : 12
0 0 2 1 1 1 1 : 6
0 1 1 1 0 0 3 : 18
0 1 1 1 0 1 2 : 12
0 1 1 1 0 2 1 : 6
0 1 1 1 1 0 2 : 6
0 1 1 1 1 1 1 : 3
 3 5 6 7:
0 0 1 0 1 1 3 : 6
0 0 1 0 1 2 2 : 12
0 0 1 0 1 3 1 : 18
0 0 1 0 2 1 2 : 16
0 0 1 0 2 2 1 : 32
0 0 1 0 3 1 1 : 36
0 0 1 1 1 1 2 : 8
0 0 1 1 1 2 1 : 16
0 0 1 1 2 1 1 : 24
0 0 1 2 1 1 1 : 12
0 0 2 0 1 1 2 : 8
0 0 2 0 1 2 1 : 20
0 0 2 0 2 1 1 : 36
0 0 2 1 1 1 1 : 18
0 1 1 0 1 1 2 : 4
0 1 1 0 1 2 1 : 10
0 1 1 0 2 1 1 : 18
0 1 1 1 1 1 1 : 9
 3 5 7:
0 0 1 0 1 0 4 : 24
0 0 1 0 1 1 3 : 18
0 0 1 0 1 2 2 : 12
0 0 1 0 1 3 1 : 6
0 0 1 0 2 0 3 : 36
0 0 1 0 2 1 2 : 24
0 0 1 0 2 2 1 : 12
0 0 1 0 3 0 2 : 36
0 0 1 0 3 1 1 : 18
0 0 1 1 1 0 3 : 18
0 0 1 1 1 1 2 : 12
0 0 1 1 1 2 1 : 6
0 0 1 1 2 0 2 : 24
0 0 1 1 2 1 1 : 12
0 0 1 2 1 0 2 : 12
0 0 1 2 1 1 1 : 6
0 0 2 0 1 0 3 : 24
0 0 2 0 1 1 2 : 16
0 0 2 0 1 2 1 : 8
0 0 2 0 2 0 2 : 40
0 0 2 0 2 1 1 : 20
0 0 2 1 1 0 2 : 20
0 0 2 1 1 1 1 : 10
0 1 1 0 1 0 3 : 12
0 1 1 0 1 1 2 : 8
0 1 1 0 1 2 1 : 4
0 1 1 0 2 0 2 : 20
0 1 1 0 2 1 1 : 10
0 1 1 1 1 0 2 : 10
0 1 1 1 1 1 1 : 5
 3 6 7:
0 0 1 0 0 1 4 : 24
0 0 1 0 0 2 3 : 48
0 0 1 0 0 3 2 : 72
0 0 1 0 0 4 1 : 96
0 0 1 0 1 1 3 : 24
0 0 1 0 1 2 2 : 48
0 0 1 0 1 3 1 : 72
0 0 1 0 2 1 2 : 24
0 0 1 0 2 2 1 : 48
0 0 1 0 3 1 1 : 24
0 0 1 1 0 1 3 : 12
0 0 1 1 0 2 2 : 28
0 0 1 1 0 3 1 : 48
0 0 1 1 1 1 2 : 14
0 0 1 1 1 2 1 : 32
0 0 1 1 2 1 1 : 16
0 0 1 2 0 1 2 : 4
0 0 1 2 0 2 1 : 16
0 0 1 2 1 1 1 : 8
0 0 2 0 0 1 3 : 24
0 0 2 0 0 2 2 : 48
0 0 2 0 0 3 1 : 84
0 0 2 0 1 1 2 : 24
0 0 2 0 1 2 1 : 56
0 0 2 0 2 1 1 : 28
0 0 2 1 0 1 2 : 8
0 0 2 1 0 2 1 : 28
0 0 2 1 1 1 1 : 14
0 1 1 0 0 1 3 : 12
0 1 1 0 0 2 2 : 24
0 1 1 0 0 3 1 : 42
0 1 1 0 1 1 2 : 12
0 1 1 0 1 2 1 : 28
0 1 1 0 2 1 1 : 14
0 1 1 1 0 1 2 : 4
0 1 1 1 0 2 1 : 14
0 1 1 1 1 1 1 : 7
 3 7:
0 0 1 0 0 0 5 : 120
0 0 1 0 0 1 4 : 96
0 0 1 0 0 2 3 : 72
0 0 1 0 0 3 2 : 48
0 0 1 0 0 4 1 : 24
0 0 1 0 1 0 4 : 72
0 0 1 0 1 1 3 : 54
0 0 1 0 1 2 2 : 36
0 0 1 0 1 3 1 : 18
0 0 1 0 2 0 3 : 36
0 0 1 0 2 1 2 : 24
0 0 1 0 2 2 1 : 12
0 0 1 0 3 0 2 : 12
0 0 1 0 3 1 1 : 6
0 0 1 1 0 0 4 : 48
0 0 1 1 0 1 3 : 36
0 0 1 1 0 2 2 : 24
0 0 1 1 0 3 1 : 12
0 0 1 1 1 0 3 : 24
0 0 1 1 1 1 2 : 16
0 0 1 1 1 2 1 : 8
0 0 1 1 2 0 2 : 8
0 0 1 1 2 1 1 : 4
0 0 1 2 0 0 3 : 12
0 0 1 2 0 1 2 : 8
0 0 1 2 0 2 1 : 4
0 0 1 2 1 0 2 : 4
0 0 1 2 1 1 1 : 2
0 0 2 0 0 0 4 : 96
0 0 2 0 0 1 3 : 72
0 0 2 0 0 2 2 : 48
0 0 2 0 0 3 1 : 24
0 0 2 0 1 0 3 : 48
0 0 2 0 1 1 2 : 32
0 0 2 0 1 2 1 : 16
0 0 2 0 2 0 2 : 16
0 0 2 0 2 1 1 : 8
0 0 2 1 0 0 3 : 24
0 0 2 1 0 1 2 : 16
0 0 2 1 0 2 1 : 8
0 0 2 1 1 0 2 : 8
0 0 2 1 1 1 1 : 4
0 1 1 0 0 0 4 : 48
0 1 1 0 0 1 3 : 36
0 1 1 0 0 2 2 : 24
0 1 1 0 0 3 1 : 12
0 1 1 0 1 0 3 : 24
0 1 1 0 1 1 2 : 16
0 1 1 0 1 2 1 : 8
0 1 1 0 2 0 2 : 8
0 1 1 0 2 1 1 : 4
0 1 1 1 0 0 3 : 12
0 1 1 1 0 1 2 : 8
0 1 1 1 0 2 1 : 4
0 1 1 1 1 0 2 : 4
0 1 1 1 1 1 1 : 2
 4 5 6 7:
0 0 0 1 1 1 3 : 6
0 0 0 1 1 2 2 : 12
0 0 0 1 1 3 1 : 18
0 0 0 1 2 1 2 : 16
0 0 0 1 2 2 1 : 32
0 0 0 1 3 1 1 : 36
0 0 0 2 1 1 2 : 20
0 0 0 2 1 2 1 : 40
0 0 0 2 2 1 1 : 60
0 0 0 3 1 1 1 : 60
0 0 1 1 1 1 2 : 10
0 0 1 1 1 2 1 : 20
0 0 1 1 2 1 1 : 30
0 0 1 2 1 1 1 : 40
0 0 2 1 1 1 1 : 20
0 1 0 1 1 1 2 : 2
0 1 0 1 1 2 1 : 6
0 1 0 1 2 1 1 : 12
0 1 0 2 1 1 1 : 20
0 1 1 1 1 1 1 : 10
 4 5 7:
0 0 0 1 1 0 4 : 24
0 0 0 1 1 1 3 : 18
0 0 0 1 1 2 2 : 12
0 0 0 1 1 3 1 : 6
0 0 0 1 2 0 3 : 36
0 0 0 1 2 1 2 : 24
0 0 0 1 2 2 1 : 12
0 0 0 1 3 0 2 : 36
0 0 0 1 3 1 1 : 18
0 0 0 2 1 0 3 : 48
0 0 0 2 1 1 2 : 32
0 0 0 2 1 2 1 : 16
0 0 0 2 2 0 2 : 64
0 0 0 2 2 1 1 : 32
0 0 0 3 1 0 2 : 72
0 0 0 3 1 1 1 : 36
0 0 1 1 1 0 3 : 24
0 0 1 1 1 1 2 : 16
0 0 1 1 1 2 1 : 8
0 0 1 1 2 0 2 : 32
0 0 1 1 2 1 1 : 16
0 0 1 2 1 0 2 : 48
0 0 1 2 1 1 1 : 24
0 0 2 1 1 0 2 : 24
0 0 2 1 1 1 1 : 12
0 1 0 1 1 0 3 : 6
0 1 0 1 1 1 2 : 4
0 1 0 1 1 2 1 : 2
0 1 0 1 2 0 2 : 12
0 1 0 1 2 1 1 : 6
0 1 0 2 1 0 2 : 24
0 1 0 2 1 1 1 : 12
0 1 1 1 1 0 2 : 12
0 1 1 1 1 1 1 : 6
 4 6 7:
0 0 0 1 0 1 4 : 24
0 0 0 1 0 2 3 : 48
0 0 0 1 0 3 2 : 72
0 0 0 1 0 4 1 : 96
0 0 0 1 1 1 3 : 24
0 0 0 1 1 2 2 : 48
0 0 0 1 1 3 1 : 72
0 0 0 1 2 1 2 : 24
0 0 0 1 2 2 1 : 48
0 0 0 1 3 1 1 : 24
0 0 0 2 0 1 3 : 36
0 0 0 2 0 2 2 : 80
0 0 0 2 0 3 1 : 132
0 0 0 2 1 1 2 : 40
0 0 0 2 1 2 1 : 88
0 0 0 2 2 1 1 : 44
0 0 0 3 0 1 2 : 36
0 0 0 3 0 2 1 : 108
0 0 0 3 1 1 1 : 54
0 0 1 1 0 1 3 : 18
0 0 1 1 0 2 2 : 40
0 0 1 1 0 3 1 : 66
0 0 1 1 1 1 2 : 20
0 0 1 1 1 2 1 : 44
0 0 1 1 2 1 1 : 22
0 0 1 2 0 1 2 : 24
0 0 1 2 0 2 1 : 72
0 0 1 2 1 1 1 : 36
0 0 2 1 0 1 2 : 12
0 0 2 1 0 2 1 : 36
0 0 2 1 1 1 1 : 18
0 1 0 1 0 1 3 : 6
0 1 0 1 0 2 2 : 12
0 1 0 1 0 3 1 : 24
0 1 0 1 1 1 2 : 6
0 1 0 1 1 2 1 : 16
0 1 0 1 2 1 1 : 8
0 1 0 2 0 1 2 : 12
0 1 0 2 0 2 1 : 36
0 1 0 2 1 1 1 : 18
0 1 1 1 0 1 2 : 6
0 1 1 1 0 2 1 : 18
0 1 1 1 1 1 1 : 9
 4 7:
0 0 0 1 0 0 5 : 120
0 0 0 1 0 1 4 : 96
0 0 0 1 0 2 3 : 72
0 0 0 1 0 3 2 : 48
0 0 0 1 0 4 1 : 24
0 0 0 1 1 0 4 : 72
0 0 0 1 1 1 3 : 54
0 0 0 1 1 2 2 : 36
0 0 0 1 1 3 1 : 18
0 0 0 1 2 0 3 : 36
0 0 0 1 2 1 2 : 24
0 0 0 1 2 2 1 : 12
0 0 0 1 3 0 2 : 12
0 0 0 1 3 1 1 : 6
0 0 0 2 0 0 4 : 144
0 0 0 2 0 1 3 : 108
0 0 0 2 0 2 2 : 72
0 0 0 2 0 3 1 : 36
0 0 0 2 1 0 3 : 72
0 0 0 2 1 1 2 : 48
0 0 0 2 1 2 1 : 24
0 0 0 2 2 0 2 : 24
0 0 0 2 2 1 1 : 12
0 0 0 3 0 0 3 : 108
0 0 0 3 0 1 2 : 72
0 0 0 3 0 2 1 : 36
0 0 0 3 1 0 2 : 36
0 0 0 3 1 1 1 : 18
0 0 1 1 0 0 4 : 72
0 0 1 1 0 1 3 : 54
0 0 1 1 0 2 2 : 36
0 0 1 1 0 3 1 : 18
0 0 1 1 1 0 3 : 36
0 0 1 1 1 1 2 : 24
0 0 1 1 1 2 1 : 12
0 0 1 1 2 0 2 : 12
0 0 1 1 2 1 1 : 6
0 0 1 2 0 0 3 : 72
0 0 1 2 0 1 2 : 48
0 0 1 2 0 2 1 : 24
0 0 1 2 1 0 2 : 24
0 0 1 2 1 1 1 : 12
0 0 2 1 0 0 3 : 36
0 0 2 1 0 1 2 : 24
0 0 2 1 0 2 1 : 12
0 0 2 1 1 0 2 : 12
0 0 2 1 1 1 1 : 6
0 1 0 1 0 0 4 : 24
0 1 0 1 0 1 3 : 18
0 1 0 1 0 2 2 : 12
0 1 0 1 0 3 1 : 6
0 1 0 1 1 0 3 : 12
0 1 0 1 1 1 2 : 8
0 1 0 1 1 2 1 : 4
0 1 0 1 2 0 2 : 4
0 1 0 1 2 1 1 : 2
0 1 0 2 0 0 3 : 36
0 1 0 2 0 1 2 : 24
0 1 0 2 0 2 1 : 12
0 1 0 2 1 0 2 : 12
0 1 0 2 1 1 1 : 6
0 1 1 1 0 0 3 : 18
0 1 1 1 0 1 2 : 12
0 1 1 1 0 2 1 : 6
0 1 1 1 1 0 2 : 6
0 1 1 1 1 1 1 : 3
 5 6 7:
0 0 0 0 1 1 4 : 24
0 0 0 0 1 2 3 : 48
0 0 0 0 1 3 2 : 72
0 0 0 0 1 4 1 : 96
0 0 0 0 2 1 3 : 60
0 0 0 0 2 2 2 : 120
0 0 0 0 2 3 1 : 180
0 0 0 0 3 1 2 : 120
0 0 0 0 3 2 1 : 240
0 0 0 0 4 1 1 : 240
0 0 0 1 1 1 3 : 30
0 0 0 1 1 2 2 : 60
0 0 0 1 1 3 1 : 90
0 0 0 1 2 1 2 : 80
0 0 0 1 2 2 1 : 160
0 0 0 1 3 1 1 : 180
0 0 0 2 1 1 2 : 40
0 0 0 2 1 2 1 : 80
0 0 0 2 2 1 1 : 120
0 0 0 3 1 1 1 : 60
0 0 1 0 1 1 3 : 12
0 0 1 0 1 2 2 : 28
0 0 1 0 1 3 1 : 48
0 0 1 0 2 1 2 : 44
0 0 1 0 2 2 1 : 96
0 0 1 0 3 1 1 : 120
0 0 1 1 1 1 2 : 22
0 0 1 1 1 2 1 : 48
0 0 1 1 2 1 1 : 80
0 0 1 2 1 1 1 : 40
0 0 2 0 1 1 2 : 4
0 0 2 0 1 2 1 : 16
0 0 2 0 2 1 1 : 40
0 0 2 1 1 1 1 : 20
0 1 0 0 1 1 3 : 6
0 1 0 0 1 2 2 : 12
0 1 0 0 1 3 1 : 24
0 1 0 0 2 1 2 : 16
0 1 0 0 2 2 1 : 44
0 1 0 0 3 1 1 : 60
0 1 0 1 1 1 2 : 8
0 1 0 1 1 2 1 : 22
0 1 0 1 2 1 1 : 40
0 1 0 2 1 1 1 : 20
0 1 1 0 1 1 2 : 2
0 1 1 0 1 2 1 : 8
0 1 1 0 2 1 1 : 20
0 1 1 1 1 1 1 : 10
 5 7:
0 0 0 0 1 0 5 : 120
0 0 0 0 1 1 4 : 96
0 0 0 0 1 2 3 : 72
0 0 0 0 1 3 2 : 48
0 0 0 0 1 4 1 : 24
0 0 0 0 2 0 4 : 192
0 0 0 0 2 1 3 : 144
0 0 0 0 2 2 2 : 96
0 0 0 0 2 3 1 : 48
0 0 0 0 3 0 3 : 216
0 0 0 0 3 1 2 : 144
0 0 0 0 3 2 1 : 72
0 0 0 0 4 0 2 : 192
0 0 0 0 4 1 1 : 96
0 0 0 1 1 0 4 : 96
0 0 0 1 1 1 3 : 72
0 0 0 1 1 2 2 : 48
0 0 0 1 1 3 1 : 24
0 0 0 1 2 0 3 : 144
0 0 0 1 2 1 2 : 96
0 0 0 1 2 2 1 : 48
0 0 0 1 3 0 2 : 144
0 0 0 1 3 1 1 : 72
0 0 0 2 1 0 3 : 72
0 0 0 2 1 1 2 : 48
0 0 0 2 1 2 1 : 24
0 0 0 2 2 0 2 : 96
0 0 0 2 2 1 1 : 48
0 0 0 3 1 0 2 : 48
0 0 0 3 1 1 1 : 24
0 0 1 0 1 0 4 : 48
0 0 1 0 1 1 3 : 36
0 0 1 0 1 2 2 : 24
0 0 1 0 1 3 1 : 12
0 0 1 0 2 0 3 : 84
0 0 1 0 2 1 2 : 56
0 0 1 0 2 2 1 : 28
0 0 1 0 3 0 2 : 96
0 0 1 0 3 1 1 : 48
0 0 1 1 1 0 3 : 42
0 0 1 1 1 1 2 : 28
0 0 1 1 1 2 1 : 14
0 0 1 1 2 0 2 : 64
0 0 1 1 2 1 1 : 32
0 0 1 2 1 0 2 : 32
0 0 1 2 1 1 1 : 16
0 0 2 0 1 0 3 : 12
0 0 2 0 1 1 2 : 8
0 0 2 0 1 2 1 : 4
0 0 2 0 2 0 2 : 32
0 0 2 0 2 1 1 : 16
0 0 2 1 1 0 2 : 16
0 0 2 1 1 1 1 : 8
0 1 0 0 1 0 4 : 24
0 1 0 0 1 1 3 : 18
0 1 0 0 1 2 2 : 12
0 1 0 0 1 3 1 : 6
0 1 0 0 2 0 3 : 36
0 1 0 0 2 1 2 : 24
0 1 0 0 2 2 1 : 12
0 1 0 0 3 0 2 : 48
0 1 0 0 3 1 1 : 24
0 1 0 1 1 0 3 : 18
0 1 0 1 1 1 2 : 12
0 1 0 1 1 2 1 : 6
0 1 0 1 2 0 2 : 32
0 1 0 1 2 1 1 : 16
0 1 0 2 1 0 2 : 16
0 1 0 2 1 1 1 : 8
0 1 1 0 1 0 3 : 6
0 1 1 0 1 1 2 : 4
0 1 1 0 1 2 1 : 2
0 1 1 0 2 0 2 : 16
0 1 1 0 2 1 1 : 8
0 1 1 1 1 0 2 : 8
0 1 1 1 1 1 1 : 4
 6 7:
0 0 0 0 0 1 5 : 120
0 0 0 0 0 2 4 : 240
0 0 0 0 0 3 3 : 360
0 0 0 0 0 4 2 : 480
0 0 0 0 0 5 1 : 600
0 0 0 0 1 1 4 : 120
0 0 0 0 1 2 3 : 240
0 0 0 0 1 3 2 : 360
0 0 0 0 1 4 1 : 480
0 0 0 0 2 1 3 : 120
0 0 0 0 2 2 2 : 240
0 0 0 0 2 3 1 : 360
0 0 0 0 3 1 2 : 120
0 0 0 0 3 2 1 : 240
0 0 0 0 4 1 1 : 120
0 0 0 1 0 1 4 : 72
0 0 0 1 0 2 3 : 156
0 0 0 1 0 3 2 : 252
0 0 0 1 0 4 1 : 360
0 0 0 1 1 1 3 : 78
0 0 0 1 1 2 2 : 168
0 0 0 1 1 3 1 : 270
0 0 0 1 2 1 2 : 84
0 0 0 1 2 2 1 : 180
0 0 0 1 3 1 1 : 90
0 0 0 2 0 1 3 : 36
0 0 0 2 0 2 2 : 96
0 0 0 2 0 3 1 : 180
0 0 0 2 1 1 2 : 48
0 0 0 2 1 2 1 : 120
0 0 0 2 2 1 1 : 60
0 0 0 3 0 1 2 : 12
0 0 0 3 0 2 1 : 60
0 0 0 3 1 1 1 : 30
0 0 1 0 0 1 4 : 48
0 0 1 0 0 2 3 : 96
0 0 1 0 0 3 2 : 156
0 0 1 0 0 4 1 : 240
0 0 1 0 1 1 3 : 48
0 0 1 0 1 2 2 : 104
0 0 1 0 1 3 1 : 180
0 0 1 0 2 1 2 : 52
0 0 1 0 2 2 1 : 120
0 0 1 0 3 1 1 : 60
0 0 1 1 0 1 3 : 24
0 0 1 1 0 2 2 : 60
0 0 1 1 0 3 1 : 120
0 0 1 1 1 1 2 : 30
0 0 1 1 1 2 1 : 80
0 0 1 1 2 1 1 : 40
0 0 1 2 0 1 2 : 8
0 0 1 2 0 2 1 : 40
0 0 1 2 1 1 1 : 20
0 0 2 0 0 1 3 : 12
0 0 2 0 0 2 2 : 24
0 0 2 0 0 3 1 : 60
0 0 2 0 1 1 2 : 12
0 0 2 0 1 2 1 : 40
0 0 2 0 2 1 1 : 20
0 0 2 1 0 1 2 : 4
0 0 2 1 0 2 1 : 20
0 0 2 1 1 1 1 : 10
0 1 0 0 0 1 4 : 24
0 1 0 0 0 2 3 : 48
0 1 0 0 0 3 2 : 72
0 1 0 0 0 4 1 : 120
0 1 0 0 1 1 3 : 24
0 1 0 0 1 2 2 : 48
0 1 0 0 1 3 1 : 90
0 1 0 0 2 1 2 : 24
0 1 0 0 2 2 1 : 60
0 1 0 0 3 1 1 : 30
0 1 0 1 0 1 3 : 12
0 1 0 1 0 2 2 : 28
0 1 0 1 0 3 1 : 60
0 1 0 1 1 1 2 : 14
0 1 0 1 1 2 1 : 40
0 1 0 1 2 1 1 : 20
0 1 0 2 0 1 2 : 4
0 1 0 2 0 2 1 : 20
0 1 0 2 1 1 1 : 10
0 1 1 0 0 1 3 : 6
0 1 1 0 0 2 2 : 12
0 1 1 0 0 3 1 : 30
0 1 1 0 1 1 2 : 6
0 1 1 0 1 2 1 : 20
0 1 1 0 2 1 1 : 10
0 1 1 1 0 1 2 : 2
0 1 1 1 0 2 1 : 10
0 1 1 1 1 1 1 : 5
 7:
0 0 0 0 0 0 6 : 720
0 0 0 0 0 1 5 : 600
0 0 0 0 0 2 4 : 480
0 0 0 0 0 3 3 : 360
0 0 0 0 0 4 2 : 240
0 0 0 0 0 5 1 : 120
0 0 0 0 1 0 5 : 480
0 0 0 0 1 1 4 : 384
0 0 0 0 1 2 3 : 288
0 0 0 0 1 3 2 : 192
0 0 0 0 1 4 1 : 96
0 0 0 0 2 0 4 : 288
0 0 0 0 2 1 3 : 216
0 0 0 0 2 2 2 : 144
0 0 0 0 2 3 1 : 72
0 0 0 0 3 0 3 : 144
0 0 0 0 3 1 2 : 96
0 0 0 0 3 2 1 : 48
0 0 0 0 4 0 2 : 48
0 0 0 0 4 1 1 : 24
0 0 0 1 0 0 5 : 360
0 0 0 1 0 1 4 : 288
0 0 0 1 0 2 3 : 216
0 0 0 1 0 3 2 : 144
0 0 0 1 0 4 1 : 72
0 0 0 1 1 0 4 : 216
0 0 0 1 1 1 3 : 162
0 0 0 1 1 2 2 : 108
0 0 0 1 1 3 1 : 54
0 0 0 1 2 0 3 : 108
0 0 0 1 2 1 2 : 72
0 0 0 1 2 2 1 : 36
0 0 0 1 3 0 2 : 36
0 0 0 1 3 1 1 : 18
0 0 0 2 0 0 4 : 144
0 0 0 2 0 1 3 : 108
0 0 0 2 0 2 2 : 72
0 0 0 2 0 3 1 : 36
0 0 0 2 1 0 3 : 72
0 0 0 2 1 1 2 : 48
0 0 0 2 1 2 1 : 24
0 0 0 2 2 0 2 : 24
0 0 0 2 2 1 1 : 12
0 0 0 3 0 0 3 : 36
0 0 0 3 0 1 2 : 24
0 0 0 3 0 2 1 : 12
0 0 0 3 1 0 2 : 12
0 0 0 3 1 1 1 : 6
0 0 1 0 0 0 5 : 240
0 0 1 0 0 1 4 : 192
0 0 1 0 0 2 3 : 144
0 0 1 0 0 3 2 : 96
0 0 1 0 0 4 1 : 48
0 0 1 0 1 0 4 : 144
0 0 1 0 1 1 3 : 108
0 0 1 0 1 2 2 : 72
0 0 1 0 1 3 1 : 36
0 0 1 0 2 0 3 : 72
0 0 1 0 2 1 2 : 48
0 0 1 0 2 2 1 : 24
0 0 1 0 3 0 2 : 24
0 0 1 0 3 1 1 : 12
0 0 1 1 0 0 4 : 96
0 0 1 1 0 1 3 : 72
0 0 1 1 0 2 2 : 48
0 0 1 1 0 3 1 : 24
0 0 1 1 1 0 3 : 48
0 0 1 1 1 1 2 : 32
0 0 1 1 1 2 1 : 16
0 0 1 1 2 0 2 : 16
0 0 1 1 2 1 1 : 8
0 0 1 2 0 0 3 : 24
0 0 1 2 0 1 2 : 16
0 0 1 2 0 2 1 : 8
0 0 1 2 1 0 2 : 8
0 0 1 2 1 1 1 : 4
0 0 2 0 0 0 4 : 48
0 0 2 0 0 1 3 : 36
0 0 2 0 0 2 2 : 24
0 0 2 0 0 3 1 : 12
0 0 2 0 1 0 3 : 24
0 0 2 0 1 1 2 : 16
0 0 2 0 1 2 1 : 8
0 0 2 0 2 0 2 : 8
0 0 2 0 2 1 1 : 4
0 0 2 1 0 0 3 : 12
0 0 2 1 0 1 2 : 8
0 0 2 1 0 2 1 : 4
0 0 2 1 1 0 2 : 4
0 0 2 1 1 1 1 : 2
0 1 0 0 0 0 5 : 120
0 1 0 0 0 1 4 : 96
0 1 0 0 0 2 3 : 72
0 1 0 0 0 3 2 : 48
0 1 0 0 0 4 1 : 24
0 1 0 0 1 0 4 : 72
0 1 0 0 1 1 3 : 54
0 1 0 0 1 2 2 : 36
0 1 0 0 1 3 1 : 18
0 1 0 0 2 0 3 : 36
0 1 0 0 2 1 2 : 24
0 1 0 0 2 2 1 : 12
0 1 0 0 3 0 2 : 12
0 1 0 0 3 1 1 : 6
0 1 0 1 0 0 4 : 48
0 1 0 1 0 1 3 : 36
0 1 0 1 0 2 2 : 24
0 1 0 1 0 3 1 : 12
0 1 0 1 1 0 3 : 24
0 1 0 1 1 1 2 : 16
0 1 0 1 1 2 1 : 8
0 1 0 1 2 0 2 : 8
0 1 0 1 2 1 1 : 4
0 1 0 2 0 0 3 : 12
0 1 0 2 0 1 2 : 8
0 1 0 2 0 2 1 : 4
0 1 0 2 1 0 2 : 4
0 1 0 2 1 1 1 : 2
0 1 1 0 0 0 4 : 24
0 1 1 0 0 1 3 : 18
0 1 1 0 0 2 2 : 12
0 1 1 0 0 3 1 : 6
0 1 1 0 1 0 3 : 12
0 1 1 0 1 1 2 : 8
0 1 1 0 1 2 1 : 4
0 1 1 0 2 0 2 : 4
0 1 1 0 2 1 1 : 2
0 1 1 1 0 0 3 : 6
0 1 1 1 0 1 2 : 4
0 1 1 1 0 2 1 : 2
0 1 1 1 1 0 2 : 2
0 1 1 1 1 1 1 : 1
Total connected chord diagrams of size 7: 38232
computation took about 0.30 seconds
