 2 3 4 5:
0 1 1 1 1 : 1
 2 3 5:
0 1 1 0 2 : 2
0 1 1 1 1 : 1
 2 4 5:
0 1 0 1 2 : 2
0 1 0 2 1 : 4
0 1 1 1 1 : 2
 2 5:
0 1 0 0 3 : 6
0 1 0 1 2 : 4
0 1 0 2 1 : 2
0 1 1 0 2 : 2
0 1 1 1 1 : 1
 3 4 5:
0 0 1 1 2 : 2
0 0 1 2 1 : 4
0 0 2 1 1 : 6
0 1 1 1 1 : 3
 3 5:
0 0 1 0 3 : 6
0 0 1 1 2 : 4
0 0 1 2 1 : 2
0 0 2 0 2 : 8
0 0 2 1 1 : 4
0 1 1 0 2 : 4
0 1 1 1 1 : 2
 4 5:
0 0 0 1 3 : 6
0 0 0 2 2 : 12
0 0 0 3 1 : 18
0 0 1 1 2 : 6
0 0 1 2 1 : 12
0 0 2 1 1 : 6
0 1 0 1 2 : 2
0 1 0 2 1 : 6
0 1 1 1 1 : 3
 5:
0 0 0 0 4 : 24
0 0 0 1 3 : 18
0 0 0 2 2 : 12
0 0 0 3 1 : 6
0 0 1 0 3 : 12
0 0 1 1 2 : 8
0 0 1 2 1 : 4
0 0 2 0 2 : 4
0 0 2 1 1 : 2
0 1 0 0 3 : 6
0 1 0 1 2 : 4
0 1 0 2 1 : 2
0 1 1 0 2 : 2
0 1 1 1 1 : 1
Total connected chord diagrams of size 5: 248
computation took about 0.01 seconds
