 2 3 4 5 6 7 8:
0 1 1 1 1 1 1 1 : 1
 2 3 4 5 6 8:
0 1 1 1 1 1 0 2 : 2
0 1 1 1 1 1 1 1 : 1
 2 3 4 5 7 8:
0 1 1 1 1 0 1 2 : 2
0 1 1 1 1 0 2 1 : 4
0 1 1 1 1 1 1 1 : 2
 2 3 4 5 8:
0 1 1 1 1 0 0 3 : 6
0 1 1 1 1 0 1 2 : 4
0 1 1 1 1 0 2 1 : 2
0 1 1 1 1 1 0 2 : 2
0 1 1 1 1 1 1 1 : 1
 2 3 4 6 7 8:
0 1 1 1 0 1 1 2 : 2
0 1 1 1 0 1 2 1 : 4
0 1 1 1 0 2 1 1 : 6
0 1 1 1 1 1 1 1 : 3
 2 3 4 6 8:
0 1 1 1 0 1 0 3 : 6
0 1 1 1 0 1 1 2 : 4
0 1 1 1 0 1 2 1 : 2
0 1 1 1 0 2 0 2 : 8
0 1 1 1 0 2 1 1 : 4
0 1 1 1 1 1 0 2 : 4
0 1 1 1 1 1 1 1 : 2
 2 3 4 7 8:
0 1 1 1 0 0 1 3 : 6
0 1 1 1 0 0 2 2 : 12
0 1 1 1 0 0 3 1 : 18
0 1 1 1 0 1 1 2 : 6
0 1 1 1 0 1 2 1 : 12
0 1 1 1 0 2 1 1 : 6
0 1 1 1 1 0 1 2 : 2
0 1 1 1 1 0 2 1 : 6
0 1 1 1 1 1 1 1 : 3
 2 3 4 8:
0 1 1 1 0 0 0 4 : 24
0 1 1 1 0 0 1 3 : 18
0 1 1 1 0 0 2 2 : 12
0 1 1 1 0 0 3 1 : 6
0 1 1 1 0 1 0 3 : 12
0 1 1 1 0 1 1 2 : 8
0 1 1 1 0 1 2 1 : 4
0 1 1 1 0 2 0 2 : 4
0 1 1 1 0 2 1 1 : 2
0 1 1 1 1 0 0 3 : 6
0 1 1 1 1 0 1 2 : 4
0 1 1 1 1 0 2 1 : 2
0 1 1 1 1 1 0 2 : 2
0 1 1 1 1 1 1 1 : 1
 2 3 5 6 7 8:
0 1 1 0 1 1 1 2 : 2
0 1 1 0 1 1 2 1 : 4
0 1 1 0 1 2 1 1 : 6
0 1 1 0 2 1 1 1 : 8
0 1 1 1 1 1 1 1 : 4
 2 3 5 6 8:
0 1 1 0 1 1 0 3 : 6
0 1 1 0 1 1 1 2 : 4
0 1 1 0 1 1 2 1 : 2
0 1 1 0 1 2 0 2 : 8
0 1 1 0 1 2 1 1 : 4
0 1 1 0 2 1 0 2 : 12
0 1 1 0 2 1 1 1 : 6
0 1 1 1 1 1 0 2 : 6
0 1 1 1 1 1 1 1 : 3
 2 3 5 7 8:
0 1 1 0 1 0 1 3 : 6
0 1 1 0 1 0 2 2 : 12
0 1 1 0 1 0 3 1 : 18
0 1 1 0 1 1 1 2 : 6
0 1 1 0 1 1 2 1 : 12
0 1 1 0 1 2 1 1 : 6
0 1 1 0 2 0 1 2 : 8
0 1 1 0 2 0 2 1 : 20
0 1 1 0 2 1 1 1 : 10
0 1 1 1 1 0 1 2 : 4
0 1 1 1 1 0 2 1 : 10
0 1 1 1 1 1 1 1 : 5
 2 3 5 8:
0 1 1 0 1 0 0 4 : 24
0 1 1 0 1 0 1 3 : 18
0 1 1 0 1 0 2 2 : 12
0 1 1 0 1 0 3 1 : 6
0 1 1 0 1 1 0 3 : 12
0 1 1 0 1 1 1 2 : 8
0 1 1 0 1 1 2 1 : 4
0 1 1 0 1 2 0 2 : 4
0 1 1 0 1 2 1 1 : 2
0 1 1 0 2 0 0 3 : 24
0 1 1 0 2 0 1 2 : 16
0 1 1 0 2 0 2 1 : 8
0 1 1 0 2 1 0 2 : 8
0 1 1 0 2 1 1 1 : 4
0 1 1 1 1 0 0 3 : 12
0 1 1 1 1 0 1 2 : 8
0 1 1 1 1 0 2 1 : 4
0 1 1 1 1 1 0 2 : 4
0 1 1 1 1 1 1 1 : 2
 2 3 6 7 8:
0 1 1 0 0 1 1 3 : 6
0 1 1 0 0 1 2 2 : 12
0 1 1 0 0 1 3 1 : 18
0 1 1 0 0 2 1 2 : 16
0 1 1 0 0 2 2 1 : 32
0 1 1 0 0 3 1 1 : 36
0 1 1 0 1 1 1 2 : 8
0 1 1 0 1 1 2 1 : 16
0 1 1 0 1 2 1 1 : 24
0 1 1 0 2 1 1 1 : 12
0 1 1 1 0 1 1 2 : 2
0 1 1 1 0 1 2 1 : 6
0 1 1 1 0 2 1 1 : 12
0 1 1 1 1 1 1 1 : 6
 2 3 6 8:
0 1 1 0 0 1 0 4 : 24
0 1 1 0 0 1 1 3 : 18
0 1 1 0 0 1 2 2 : 12
0 1 1 0 0 1 3 1 : 6
0 1 1 0 0 2 0 3 : 36
0 1 1 0 0 2 1 2 : 24
0 1 1 0 0 2 2 1 : 12
0 1 1 0 0 3 0 2 : 36
0 1 1 0 0 3 1 1 : 18
0 1 1 0 1 1 0 3 : 18
0 1 1 0 1 1 1 2 : 12
0 1 1 0 1 1 2 1 : 6
0 1 1 0 1 2 0 2 : 24
0 1 1 0 1 2 1 1 : 12
0 1 1 0 2 1 0 2 : 12
0 1 1 0 2 1 1 1 : 6
0 1 1 1 0 1 0 3 : 6
0 1 1 1 0 1 1 2 : 4
0 1 1 1 0 1 2 1 : 2
0 1 1 1 0 2 0 2 : 12
0 1 1 1 0 2 1 1 : 6
0 1 1 1 1 1 0 2 : 6
0 1 1 1 1 1 1 1 : 3
 2 3 7 8:
0 1 1 0 0 0 1 4 : 24
0 1 1 0 0 0 2 3 : 48
0 1 1 0 0 0 3 2 : 72
0 1 1 0 0 0 4 1 : 96
0 1 1 0 0 1 1 3 : 24
0 1 1 0 0 1 2 2 : 48
0 1 1 0 0 1 3 1 : 72
0 1 1 0 0 2 1 2 : 24
0 1 1 0 0 2 2 1 : 48
0 1 1 0 0 3 1 1 : 24
0 1 1 0 1 0 1 3 : 12
0 1 1 0 1 0 2 2 : 28
0 1 1 0 1 0 3 1 : 48
0 1 1 0 1 1 1 2 : 14
0 1 1 0 1 1 2 1 : 32
0 1 1 0 1 2 1 1 : 16
0 1 1 0 2 0 1 2 : 4
0 1 1 0 2 0 2 1 : 16
0 1 1 0 2 1 1 1 : 8
0 1 1 1 0 0 1 3 : 6
0 1 1 1 0 0 2 2 : 12
0 1 1 1 0 0 3 1 : 24
0 1 1 1 0 1 1 2 : 6
0 1 1 1 0 1 2 1 : 16
0 1 1 1 0 2 1 1 : 8
0 1 1 1 1 0 1 2 : 2
0 1 1 1 1 0 2 1 : 8
0 1 1 1 1 1 1 1 : 4
 2 3 8:
0 1 1 0 0 0 0 5 : 120
0 1 1 0 0 0 1 4 : 96
0 1 1 0 0 0 2 3 : 72
0 1 1 0 0 0 3 2 : 48
0 1 1 0 0 0 4 1 : 24
0 1 1 0 0 1 0 4 : 72
0 1 1 0 0 1 1 3 : 54
0 1 1 0 0 1 2 2 : 36
0 1 1 0 0 1 3 1 : 18
0 1 1 0 0 2 0 3 : 36
0 1 1 0 0 2 1 2 : 24
0 1 1 0 0 2 2 1 : 12
0 1 1 0 0 3 0 2 : 12
0 1 1 0 0 3 1 1 : 6
0 1 1 0 1 0 0 4 : 48
0 1 1 0 1 0 1 3 : 36
0 1 1 0 1 0 2 2 : 24
0 1 1 0 1 0 3 1 : 12
0 1 1 0 1 1 0 3 : 24
0 1 1 0 1 1 1 2 : 16
0 1 1 0 1 1 2 1 : 8
0 1 1 0 1 2 0 2 : 8
0 1 1 0 1 2 1 1 : 4
0 1 1 0 2 0 0 3 : 12
0 1 1 0 2 0 1 2 : 8
0 1 1 0 2 0 2 1 : 4
0 1 1 0 2 1 0 2 : 4
0 1 1 0 2 1 1 1 : 2
0 1 1 1 0 0 0 4 : 24
0 1 1 1 0 0 1 3 : 18
0 1 1 1 0 0 2 2 : 12
0 1 1 1 0 0 3 1 : 6
0 1 1 1 0 1 0 3 : 12
0 1 1 1 0 1 1 2 : 8
0 1 1 1 0 1 2 1 : 4
0 1 1 1 0 2 0 2 : 4
0 1 1 1 0 2 1 1 : 2
0 1 1 1 1 0 0 3 : 6
0 1 1 1 1 0 1 2 : 4
0 1 1 1 1 0 2 1 : 2
0 1 1 1 1 1 0 2 : 2
0 1 1 1 1 1 1 1 : 1
 2 4 5 6 7 8:
0 1 0 1 1 1 1 2 : 2
0 1 0 1 1 1 2 1 : 4
0 1 0 1 1 2 1 1 : 6
0 1 0 1 2 1 1 1 : 8
0 1 0 2 1 1 1 1 : 10
0 1 1 1 1 1 1 1 : 5
 2 4 5 6 8:
0 1 0 1 1 1 0 3 : 6
0 1 0 1 1 1 1 2 : 4
0 1 0 1 1 1 2 1 : 2
0 1 0 1 1 2 0 2 : 8
0 1 0 1 1 2 1 1 : 4
0 1 0 1 2 1 0 2 : 12
0 1 0 1 2 1 1 1 : 6
0 1 0 2 1 1 0 2 : 16
0 1 0 2 1 1 1 1 : 8
0 1 1 1 1 1 0 2 : 8
0 1 1 1 1 1 1 1 : 4
 2 4 5 7 8:
0 1 0 1 1 0 1 3 : 6
0 1 0 1 1 0 2 2 : 12
0 1 0 1 1 0 3 1 : 18
0 1 0 1 1 1 1 2 : 6
0 1 0 1 1 1 2 1 : 12
0 1 0 1 1 2 1 1 : 6
0 1 0 1 2 0 1 2 : 8
0 1 0 1 2 0 2 1 : 20
0 1 0 1 2 1 1 1 : 10
0 1 0 2 1 0 1 2 : 12
0 1 0 2 1 0 2 1 : 28
0 1 0 2 1 1 1 1 : 14
0 1 1 1 1 0 1 2 : 6
0 1 1 1 1 0 2 1 : 14
0 1 1 1 1 1 1 1 : 7
 2 4 5 8:
0 1 0 1 1 0 0 4 : 24
0 1 0 1 1 0 1 3 : 18
0 1 0 1 1 0 2 2 : 12
0 1 0 1 1 0 3 1 : 6
0 1 0 1 1 1 0 3 : 12
0 1 0 1 1 1 1 2 : 8
0 1 0 1 1 1 2 1 : 4
0 1 0 1 1 2 0 2 : 4
0 1 0 1 1 2 1 1 : 2
0 1 0 1 2 0 0 3 : 24
0 1 0 1 2 0 1 2 : 16
0 1 0 1 2 0 2 1 : 8
0 1 0 1 2 1 0 2 : 8
0 1 0 1 2 1 1 1 : 4
0 1 0 2 1 0 0 3 : 36
0 1 0 2 1 0 1 2 : 24
0 1 0 2 1 0 2 1 : 12
0 1 0 2 1 1 0 2 : 12
0 1 0 2 1 1 1 1 : 6
0 1 1 1 1 0 0 3 : 18
0 1 1 1 1 0 1 2 : 12
0 1 1 1 1 0 2 1 : 6
0 1 1 1 1 1 0 2 : 6
0 1 1 1 1 1 1 1 : 3
 2 4 6 7 8:
0 1 0 1 0 1 1 3 : 6
0 1 0 1 0 1 2 2 : 12
0 1 0 1 0 1 3 1 : 18
0 1 0 1 0 2 1 2 : 16
0 1 0 1 0 2 2 1 : 32
0 1 0 1 0 3 1 1 : 36
0 1 0 1 1 1 1 2 : 8
0 1 0 1 1 1 2 1 : 16
0 1 0 1 1 2 1 1 : 24
0 1 0 1 2 1 1 1 : 12
0 1 0 2 0 1 1 2 : 8
0 1 0 2 0 1 2 1 : 20
0 1 0 2 0 2 1 1 : 36
0 1 0 2 1 1 1 1 : 18
0 1 1 1 0 1 1 2 : 4
0 1 1 1 0 1 2 1 : 10
0 1 1 1 0 2 1 1 : 18
0 1 1 1 1 1 1 1 : 9
 2 4 6 8:
0 1 0 1 0 1 0 4 : 24
0 1 0 1 0 1 1 3 : 18
0 1 0 1 0 1 2 2 : 12
0 1 0 1 0 1 3 1 : 6
0 1 0 1 0 2 0 3 : 36
0 1 0 1 0 2 1 2 : 24
0 1 0 1 0 2 2 1 : 12
0 1 0 1 0 3 0 2 : 36
0 1 0 1 0 3 1 1 : 18
0 1 0 1 1 1 0 3 : 18
0 1 0 1 1 1 1 2 : 12
0 1 0 1 1 1 2 1 : 6
0 1 0 1 1 2 0 2 : 24
0 1 0 1 1 2 1 1 : 12
0 1 0 1 2 1 0 2 : 12
0 1 0 1 2 1 1 1 : 6
0 1 0 2 0 1 0 3 : 24
0 1 0 2 0 1 1 2 : 16
0 1 0 2 0 1 2 1 : 8
0 1 0 2 0 2 0 2 : 40
0 1 0 2 0 2 1 1 : 20
0 1 0 2 1 1 0 2 : 20
0 1 0 2 1 1 1 1 : 10
0 1 1 1 0 1 0 3 : 12
0 1 1 1 0 1 1 2 : 8
0 1 1 1 0 1 2 1 : 4
0 1 1 1 0 2 0 2 : 20
0 1 1 1 0 2 1 1 : 10
0 1 1 1 1 1 0 2 : 10
0 1 1 1 1 1 1 1 : 5
 2 4 7 8:
0 1 0 1 0 0 1 4 : 24
0 1 0 1 0 0 2 3 : 48
0 1 0 1 0 0 3 2 : 72
0 1 0 1 0 0 4 1 : 96
0 1 0 1 0 1 1 3 : 24
0 1 0 1 0 1 2 2 : 48
0 1 0 1 0 1 3 1 : 72
0 1 0 1 0 2 1 2 : 24
0 1 0 1 0 2 2 1 : 48
0 1 0 1 0 3 1 1 : 24
0 1 0 1 1 0 1 3 : 12
0 1 0 1 1 0 2 2 : 28
0 1 0 1 1 0 3 1 : 48
0 1 0 1 1 1 1 2 : 14
0 1 0 1 1 1 2 1 : 32
0 1 0 1 1 2 1 1 : 16
0 1 0 1 2 0 1 2 : 4
0 1 0 1 2 0 2 1 : 16
0 1 0 1 2 1 1 1 : 8
0 1 0 2 0 0 1 3 : 24
0 1 0 2 0 0 2 2 : 48
0 1 0 2 0 0 3 1 : 84
0 1 0 2 0 1 1 2 : 24
0 1 0 2 0 1 2 1 : 56
0 1 0 2 0 2 1 1 : 28
0 1 0 2 1 0 1 2 : 8
0 1 0 2 1 0 2 1 : 28
0 1 0 2 1 1 1 1 : 14
0 1 1 1 0 0 1 3 : 12
0 1 1 1 0 0 2 2 : 24
0 1 1 1 0 0 3 1 : 42
0 1 1 1 0 1 1 2 : 12
0 1 1 1 0 1 2 1 : 28
0 1 1 1 0 2 1 1 : 14
0 1 1 1 1 0 1 2 : 4
0 1 1 1 1 0 2 1 : 14
0 1 1 1 1 1 1 1 : 7
 2 4 8:
0 1 0 1 0 0 0 5 : 120
0 1 0 1 0 0 1 4 : 96
0 1 0 1 0 0 2 3 : 72
0 1 0 1 0 0 3 2 : 48
0 1 0 1 0 0 4 1 : 24
0 1 0 1 0 1 0 4 : 72
0 1 0 1 0 1 1 3 : 54
0 1 0 1 0 1 2 2 : 36
0 1 0 1 0 1 3 1 : 18
0 1 0 1 0 2 0 3 : 36
0 1 0 1 0 2 1 2 : 24
0 1 0 1 0 2 2 1 : 12
0 1 0 1 0 3 0 2 : 12
0 1 0 1 0 3 1 1 : 6
0 1 0 1 1 0 0 4 : 48
0 1 0 1 1 0 1 3 : 36
0 1 0 1 1 0 2 2 : 24
0 1 0 1 1 0 3 1 : 12
0 1 0 1 1 1 0 3 : 24
0 1 0 1 1 1 1 2 : 16
0 1 0 1 1 1 2 1 : 8
0 1 0 1 1 2 0 2 : 8
0 1 0 1 1 2 1 1 : 4
0 1 0 1 2 0 0 3 : 12
0 1 0 1 2 0 1 2 : 8
0 1 0 1 2 0 2 1 : 4
0 1 0 1 2 1 0 2 : 4
0 1 0 1 2 1 1 1 : 2
0 1 0 2 0 0 0 4 : 96
0 1 0 2 0 0 1 3 : 72
0 1 0 2 0 0 2 2 : 48
0 1 0 2 0 0 3 1 : 24
0 1 0 2 0 1 0 3 : 48
0 1 0 2 0 1 1 2 : 32
0 1 0 2 0 1 2 1 : 16
0 1 0 2 0 2 0 2 : 16
0 1 0 2 0 2 1 1 : 8
0 1 0 2 1 0 0 3 : 24
0 1 0 2 1 0 1 2 : 16
0 1 0 2 1 0 2 1 : 8
0 1 0 2 1 1 0 2 : 8
0 1 0 2 1 1 1 1 : 4
0 1 1 1 0 0 0 4 : 48
0 1 1 1 0 0 1 3 : 36
0 1 1 1 0 0 2 2 : 24
0 1 1 1 0 0 3 1 : 12
0 1 1 1 0 1 0 3 : 24
0 1 1 1 0 1 1 2 : 16
0 1 1 1 0 1 2 1 : 8
0 1 1 1 0 2 0 2 : 8
0 1 1 1 0 2 1 1 : 4
0 1 1 1 1 0 0 3 : 12
0 1 1 1 1 0 1 2 : 8
0 1 1 1 1 0 2 1 : 4
0 1 1 1 1 1 0 2 : 4
0 1 1 1 1 1 1 1 : 2
 2 5 6 7 8:
0 1 0 0 1 1 1 3 : 6
0 1 0 0 1 1 2 2 : 12
0 1 0 0 1 1 3 1 : 18
0 1 0 0 1 2 1 2 : 16
0 1 0 0 1 2 2 1 : 32
0 1 0 0 1 3 1 1 : 36
0 1 0 0 2 1 1 2 : 20
0 1 0 0 2 1 2 1 : 40
0 1 0 0 2 2 1 1 : 60
0 1 0 0 3 1 1 1 : 60
0 1 0 1 1 1 1 2 : 10
0 1 0 1 1 1 2 1 : 20
0 1 0 1 1 2 1 1 : 30
0 1 0 1 2 1 1 1 : 40
0 1 0 2 1 1 1 1 : 20
0 1 1 0 1 1 1 2 : 2
0 1 1 0 1 1 2 1 : 6
0 1 1 0 1 2 1 1 : 12
0 1 1 0 2 1 1 1 : 20
0 1 1 1 1 1 1 1 : 10
 2 5 6 8:
0 1 0 0 1 1 0 4 : 24
0 1 0 0 1 1 1 3 : 18
0 1 0 0 1 1 2 2 : 12
0 1 0 0 1 1 3 1 : 6
0 1 0 0 1 2 0 3 : 36
0 1 0 0 1 2 1 2 : 24
0 1 0 0 1 2 2 1 : 12
0 1 0 0 1 3 0 2 : 36
0 1 0 0 1 3 1 1 : 18
0 1 0 0 2 1 0 3 : 48
0 1 0 0 2 1 1 2 : 32
0 1 0 0 2 1 2 1 : 16
0 1 0 0 2 2 0 2 : 64
0 1 0 0 2 2 1 1 : 32
0 1 0 0 3 1 0 2 : 72
0 1 0 0 3 1 1 1 : 36
0 1 0 1 1 1 0 3 : 24
0 1 0 1 1 1 1 2 : 16
0 1 0 1 1 1 2 1 : 8
0 1 0 1 1 2 0 2 : 32
0 1 0 1 1 2 1 1 : 16
0 1 0 1 2 1 0 2 : 48
0 1 0 1 2 1 1 1 : 24
0 1 0 2 1 1 0 2 : 24
0 1 0 2 1 1 1 1 : 12
0 1 1 0 1 1 0 3 : 6
0 1 1 0 1 1 1 2 : 4
0 1 1 0 1 1 2 1 : 2
0 1 1 0 1 2 0 2 : 12
0 1 1 0 1 2 1 1 : 6
0 1 1 0 2 1 0 2 : 24
0 1 1 0 2 1 1 1 : 12
0 1 1 1 1 1 0 2 : 12
0 1 1 1 1 1 1 1 : 6
 2 5 7 8:
0 1 0 0 1 0 1 4 : 24
0 1 0 0 1 0 2 3 : 48
0 1 0 0 1 0 3 2 : 72
0 1 0 0 1 0 4 1 : 96
0 1 0 0 1 1 1 3 : 24
0 1 0 0 1 1 2 2 : 48
0 1 0 0 1 1 3 1 : 72
0 1 0 0 1 2 1 2 : 24
0 1 0 0 1 2 2 1 : 48
0 1 0 0 1 3 1 1 : 24
0 1 0 0 2 0 1 3 : 36
0 1 0 0 2 0 2 2 : 80
0 1 0 0 2 0 3 1 : 132
0 1 0 0 2 1 1 2 : 40
0 1 0 0 2 1 2 1 : 88
0 1 0 0 2 2 1 1 : 44
0 1 0 0 3 0 1 2 : 36
0 1 0 0 3 0 2 1 : 108
0 1 0 0 3 1 1 1 : 54
0 1 0 1 1 0 1 3 : 18
0 1 0 1 1 0 2 2 : 40
0 1 0 1 1 0 3 1 : 66
0 1 0 1 1 1 1 2 : 20
0 1 0 1 1 1 2 1 : 44
0 1 0 1 1 2 1 1 : 22
0 1 0 1 2 0 1 2 : 24
0 1 0 1 2 0 2 1 : 72
0 1 0 1 2 1 1 1 : 36
0 1 0 2 1 0 1 2 : 12
0 1 0 2 1 0 2 1 : 36
0 1 0 2 1 1 1 1 : 18
0 1 1 0 1 0 1 3 : 6
0 1 1 0 1 0 2 2 : 12
0 1 1 0 1 0 3 1 : 24
0 1 1 0 1 1 1 2 : 6
0 1 1 0 1 1 2 1 : 16
0 1 1 0 1 2 1 1 : 8
0 1 1 0 2 0 1 2 : 12
0 1 1 0 2 0 2 1 : 36
0 1 1 0 2 1 1 1 : 18
0 1 1 1 1 0 1 2 : 6
0 1 1 1 1 0 2 1 : 18
0 1 1 1 1 1 1 1 : 9
 2 5 8:
0 1 0 0 1 0 0 5 : 120
0 1 0 0 1 0 1 4 : 96
0 1 0 0 1 0 2 3 : 72
0 1 0 0 1 0 3 2 : 48
0 1 0 0 1 0 4 1 : 24
0 1 0 0 1 1 0 4 : 72
0 1 0 0 1 1 1 3 : 54
0 1 0 0 1 1 2 2 : 36
0 1 0 0 1 1 3 1 : 18
0 1 0 0 1 2 0 3 : 36
0 1 0 0 1 2 1 2 : 24
0 1 0 0 1 2 2 1 : 12
0 1 0 0 1 3 0 2 : 12
0 1 0 0 1 3 1 1 : 6
0 1 0 0 2 0 0 4 : 144
0 1 0 0 2 0 1 3 : 108
0 1 0 0 2 0 2 2 : 72
0 1 0 0 2 0 3 1 : 36
0 1 0 0 2 1 0 3 : 72
0 1 0 0 2 1 1 2 : 48
0 1 0 0 2 1 2 1 : 24
0 1 0 0 2 2 0 2 : 24
0 1 0 0 2 2 1 1 : 12
0 1 0 0 3 0 0 3 : 108
0 1 0 0 3 0 1 2 : 72
0 1 0 0 3 0 2 1 : 36
0 1 0 0 3 1 0 2 : 36
0 1 0 0 3 1 1 1 : 18
0 1 0 1 1 0 0 4 : 72
0 1 0 1 1 0 1 3 : 54
0 1 0 1 1 0 2 2 : 36
0 1 0 1 1 0 3 1 : 18
0 1 0 1 1 1 0 3 : 36
0 1 0 1 1 1 1 2 : 24
0 1 0 1 1 1 2 1 : 12
0 1 0 1 1 2 0 2 : 12
0 1 0 1 1 2 1 1 : 6
0 1 0 1 2 0 0 3 : 72
0 1 0 1 2 0 1 2 : 48
0 1 0 1 2 0 2 1 : 24
0 1 0 1 2 1 0 2 : 24
0 1 0 1 2 1 1 1 : 12
0 1 0 2 1 0 0 3 : 36
0 1 0 2 1 0 1 2 : 24
0 1 0 2 1 0 2 1 : 12
0 1 0 2 1 1 0 2 : 12
0 1 0 2 1 1 1 1 : 6
0 1 1 0 1 0 0 4 : 24
0 1 1 0 1 0 1 3 : 18
0 1 1 0 1 0 2 2 : 12
0 1 1 0 1 0 3 1 : 6
0 1 1 0 1 1 0 3 : 12
0 1 1 0 1 1 1 2 : 8
0 1 1 0 1 1 2 1 : 4
0 1 1 0 1 2 0 2 : 4
0 1 1 0 1 2 1 1 : 2
0 1 1 0 2 0 0 3 : 36
0 1 1 0 2 0 1 2 : 24
0 1 1 0 2 0 2 1 : 12
0 1 1 0 2 1 0 2 : 12
0 1 1 0 2 1 1 1 : 6
0 1 1 1 1 0 0 3 : 18
0 1 1 1 1 0 1 2 : 12
0 1 1 1 1 0 2 1 : 6
0 1 1 1 1 1 0 2 : 6
0 1 1 1 1 1 1 1 : 3
 2 6 7 8:
0 1 0 0 0 1 1 4 : 24
0 1 0 0 0 1 2 3 : 48
0 1 0 0 0 1 3 2 : 72
0 1 0 0 0 1 4 1 : 96
0 1 0 0 0 2 1 3 : 60
0 1 0 0 0 2 2 2 : 120
0 1 0 0 0 2 3 1 : 180
0 1 0 0 0 3 1 2 : 120
0 1 0 0 0 3 2 1 : 240
0 1 0 0 0 4 1 1 : 240
0 1 0 0 1 1 1 3 : 30
0 1 0 0 1 1 2 2 : 60
0 1 0 0 1 1 3 1 : 90
0 1 0 0 1 2 1 2 : 80
0 1 0 0 1 2 2 1 : 160
0 1 0 0 1 3 1 1 : 180
0 1 0 0 2 1 1 2 : 40
0 1 0 0 2 1 2 1 : 80
0 1 0 0 2 2 1 1 : 120
0 1 0 0 3 1 1 1 : 60
0 1 0 1 0 1 1 3 : 12
0 1 0 1 0 1 2 2 : 28
0 1 0 1 0 1 3 1 : 48
0 1 0 1 0 2 1 2 : 44
0 1 0 1 0 2 2 1 : 96
0 1 0 1 0 3 1 1 : 120
0 1 0 1 1 1 1 2 : 22
0 1 0 1 1 1 2 1 : 48
0 1 0 1 1 2 1 1 : 80
0 1 0 1 2 1 1 1 : 40
0 1 0 2 0 1 1 2 : 4
0 1 0 2 0 1 2 1 : 16
0 1 0 2 0 2 1 1 : 40
0 1 0 2 1 1 1 1 : 20
0 1 1 0 0 1 1 3 : 6
0 1 1 0 0 1 2 2 : 12
0 1 1 0 0 1 3 1 : 24
0 1 1 0 0 2 1 2 : 16
0 1 1 0 0 2 2 1 : 44
0 1 1 0 0 3 1 1 : 60
0 1 1 0 1 1 1 2 : 8
0 1 1 0 1 1 2 1 : 22
0 1 1 0 1 2 1 1 : 40
0 1 1 0 2 1 1 1 : 20
0 1 1 1 0 1 1 2 : 2
0 1 1 1 0 1 2 1 : 8
0 1 1 1 0 2 1 1 : 20
0 1 1 1 1 1 1 1 : 10
 2 6 8:
0 1 0 0 0 1 0 5 : 120
0 1 0 0 0 1 1 4 : 96
0 1 0 0 0 1 2 3 : 72
0 1 0 0 0 1 3 2 : 48
0 1 0 0 0 1 4 1 : 24
0 1 0 0 0 2 0 4 : 192
0 1 0 0 0 2 1 3 : 144
0 1 0 0 0 2 2 2 : 96
0 1 0 0 0 2 3 1 : 48
0 1 0 0 0 3 0 3 : 216
0 1 0 0 0 3 1 2 : 144
0 1 0 0 0 3 2 1 : 72
0 1 0 0 0 4 0 2 : 192
0 1 0 0 0 4 1 1 : 96
0 1 0 0 1 1 0 4 : 96
0 1 0 0 1 1 1 3 : 72
0 1 0 0 1 1 2 2 : 48
0 1 0 0 1 1 3 1 : 24
0 1 0 0 1 2 0 3 : 144
0 1 0 0 1 2 1 2 : 96
0 1 0 0 1 2 2 1 : 48
0 1 0 0 1 3 0 2 : 144
0 1 0 0 1 3 1 1 : 72
0 1 0 0 2 1 0 3 : 72
0 1 0 0 2 1 1 2 : 48
0 1 0 0 2 1 2 1 : 24
0 1 0 0 2 2 0 2 : 96
0 1 0 0 2 2 1 1 : 48
0 1 0 0 3 1 0 2 : 48
0 1 0 0 3 1 1 1 : 24
0 1 0 1 0 1 0 4 : 48
0 1 0 1 0 1 1 3 : 36
0 1 0 1 0 1 2 2 : 24
0 1 0 1 0 1 3 1 : 12
0 1 0 1 0 2 0 3 : 84
0 1 0 1 0 2 1 2 : 56
0 1 0 1 0 2 2 1 : 28
0 1 0 1 0 3 0 2 : 96
0 1 0 1 0 3 1 1 : 48
0 1 0 1 1 1 0 3 : 42
0 1 0 1 1 1 1 2 : 28
0 1 0 1 1 1 2 1 : 14
0 1 0 1 1 2 0 2 : 64
0 1 0 1 1 2 1 1 : 32
0 1 0 1 2 1 0 2 : 32
0 1 0 1 2 1 1 1 : 16
0 1 0 2 0 1 0 3 : 12
0 1 0 2 0 1 1 2 : 8
0 1 0 2 0 1 2 1 : 4
0 1 0 2 0 2 0 2 : 32
0 1 0 2 0 2 1 1 : 16
0 1 0 2 1 1 0 2 : 16
0 1 0 2 1 1 1 1 : 8
0 1 1 0 0 1 0 4 : 24
0 1 1 0 0 1 1 3 : 18
0 1 1 0 0 1 2 2 : 12
0 1 1 0 0 1 3 1 : 6
0 1 1 0 0 2 0 3 : 36
0 1 1 0 0 2 1 2 : 24
0 1 1 0 0 2 2 1 : 12
0 1 1 0 0 3 0 2 : 48
0 1 1 0 0 3 1 1 : 24
0 1 1 0 1 1 0 3 : 18
0 1 1 0 1 1 1 2 : 12
0 1 1 0 1 1 2 1 : 6
0 1 1 0 1 2 0 2 : 32
0 1 1 0 1 2 1 1 : 16
0 1 1 0 2 1 0 2 : 16
0 1 1 0 2 1 1 1 : 8
0 1 1 1 0 1 0 3 : 6
0 1 1 1 0 1 1 2 : 4
0 1 1 1 0 1 2 1 : 2
0 1 1 1 0 2 0 2 : 16
0 1 1 1 0 2 1 1 : 8
0 1 1 1 1 1 0 2 : 8
0 1 1 1 1 1 1 1 : 4
 2 7 8:
0 1 0 0 0 0 1 5 : 120
0 1 0 0 0 0 2 4 : 240
0 1 0 0 0 0 3 3 : 360
0 1 0 0 0 0 4 2 : 480
0 1 0 0 0 0 5 1 : 600
0 1 0 0 0 1 1 4 : 120
0 1 0 0 0 1 2 3 : 240
0 1 0 0 0 1 3 2 : 360
0 1 0 0 0 1 4 1 : 480
0 1 0 0 0 2 1 3 : 120
0 1 0 0 0 2 2 2 : 240
0 1 0 0 0 2 3 1 : 360
0 1 0 0 0 3 1 2 : 120
0 1 0 0 0 3 2 1 : 240
0 1 0 0 0 4 1 1 : 120
0 1 0 0 1 0 1 4 : 72
0 1 0 0 1 0 2 3 : 156
0 1 0 0 1 0 3 2 : 252
0 1 0 0 1 0 4 1 : 360
0 1 0 0 1 1 1 3 : 78
0 1 0 0 1 1 2 2 : 168
0 1 0 0 1 1 3 1 : 270
0 1 0 0 1 2 1 2 : 84
0 1 0 0 1 2 2 1 : 180
0 1 0 0 1 3 1 1 : 90
0 1 0 0 2 0 1 3 : 36
0 1 0 0 2 0 2 2 : 96
0 1 0 0 2 0 3 1 : 180
0 1 0 0 2 1 1 2 : 48
0 1 0 0 2 1 2 1 : 120
0 1 0 0 2 2 1 1 : 60
0 1 0 0 3 0 1 2 : 12
0 1 0 0 3 0 2 1 : 60
0 1 0 0 3 1 1 1 : 30
0 1 0 1 0 0 1 4 : 48
0 1 0 1 0 0 2 3 : 96
0 1 0 1 0 0 3 2 : 156
0 1 0 1 0 0 4 1 : 240
0 1 0 1 0 1 1 3 : 48
0 1 0 1 0 1 2 2 : 104
0 1 0 1 0 1 3 1 : 180
0 1 0 1 0 2 1 2 : 52
0 1 0 1 0 2 2 1 : 120
0 1 0 1 0 3 1 1 : 60
0 1 0 1 1 0 1 3 : 24
0 1 0 1 1 0 2 2 : 60
0 1 0 1 1 0 3 1 : 120
0 1 0 1 1 1 1 2 : 30
0 1 0 1 1 1 2 1 : 80
0 1 0 1 1 2 1 1 : 40
0 1 0 1 2 0 1 2 : 8
0 1 0 1 2 0 2 1 : 40
0 1 0 1 2 1 1 1 : 20
0 1 0 2 0 0 1 3 : 12
0 1 0 2 0 0 2 2 : 24
0 1 0 2 0 0 3 1 : 60
0 1 0 2 0 1 1 2 : 12
0 1 0 2 0 1 2 1 : 40
0 1 0 2 0 2 1 1 : 20
0 1 0 2 1 0 1 2 : 4
0 1 0 2 1 0 2 1 : 20
0 1 0 2 1 1 1 1 : 10
0 1 1 0 0 0 1 4 : 24
0 1 1 0 0 0 2 3 : 48
0 1 1 0 0 0 3 2 : 72
0 1 1 0 0 0 4 1 : 120
0 1 1 0 0 1 1 3 : 24
0 1 1 0 0 1 2 2 : 48
0 1 1 0 0 1 3 1 : 90
0 1 1 0 0 2 1 2 : 24
0 1 1 0 0 2 2 1 : 60
0 1 1 0 0 3 1 1 : 30
0 1 1 0 1 0 1 3 : 12
0 1 1 0 1 0 2 2 : 28
0 1 1 0 1 0 3 1 : 60
0 1 1 0 1 1 1 2 : 14
0 1 1 0 1 1 2 1 : 40
0 1 1 0 1 2 1 1 : 20
0 1 1 0 2 0 1 2 : 4
0 1 1 0 2 0 2 1 : 20
0 1 1 0 2 1 1 1 : 10
0 1 1 1 0 0 1 3 : 6
0 1 1 1 0 0 2 2 : 12
0 1 1 1 0 0 3 1 : 30
0 1 1 1 0 1 1 2 : 6
0 1 1 1 0 1 2 1 : 20
0 1 1 1 0 2 1 1 : 10
0 1 1 1 1 0 1 2 : 2
0 1 1 1 1 0 2 1 : 10
0 1 1 1 1 1 1 1 : 5
 2 8:
0 1 0 0 0 0 0 6 : 720
0 1 0 0 0 0 1 5 : 600
0 1 0 0 0 0 2 4 : 480
0 1 0 0 0 0 3 3 : 360
0 1 0 0 0 0 4 2 : 240
0 1 0 0 0 0 5 1 : 120
0 1 0 0 0 1 0 5 : 480
0 1 0 0 0 1 1 4 : 384
0 1 0 0 0 1 2 3 : 288
0 1 0 0 0 1 3 2 : 192
0 1 0 0 0 1 4 1 : 96
0 1 0 0 0 2 0 4 : 288
0 1 0 0 0 2 1 3 : 216
0 1 0 0 0 2 2 2 : 144
0 1 0 0 0 2 3 1 : 72
0 1 0 0 0 3 0 3 : 144
0 1 0 0 0 3 1 2 : 96
0 1 0 0 0 3 2 1 : 48
0 1 0 0 0 4 0 2 : 48
0 1 0 0 0 4 1 1 : 24
0 1 0 0 1 0 0 5 : 360
0 1 0 0 1 0 1 4 : 288
0 1 0 0 1 0 2 3 : 216
0 1 0 0 1 0 3 2 : 144
0 1 0 0 1 0 4 1 : 72
0 1 0 0 1 1 0 4 : 216
0 1 0 0 1 1 1 3 : 162
0 1 0 0 1 1 2 2 : 108
0 1 0 0 1 1 3 1 : 54
0 1 0 0 1 2 0 3 : 108
0 1 0 0 1 2 1 2 : 72
0 1 0 0 1 2 2 1 : 36
0 1 0 0 1 3 0 2 : 36
0 1 0 0 1 3 1 1 : 18
0 1 0 0 2 0 0 4 : 144
0 1 0 0 2 0 1 3 : 108
0 1 0 0 2 0 2 2 : 72
0 1 0 0 2 0 3 1 : 36
0 1 0 0 2 1 0 3 : 72
0 1 0 0 2 1 1 2 : 48
0 1 0 0 2 1 2 1 : 24
0 1 0 0 2 2 0 2 : 24
0 1 0 0 2 2 1 1 : 12
0 1 0 0 3 0 0 3 : 36
0 1 0 0 3 0 1 2 : 24
0 1 0 0 3 0 2 1 : 12
0 1 0 0 3 1 0 2 : 12
0 1 0 0 3 1 1 1 : 6
0 1 0 1 0 0 0 5 : 240
0 1 0 1 0 0 1 4 : 192
0 1 0 1 0 0 2 3 : 144
0 1 0 1 0 0 3 2 : 96
0 1 0 1 0 0 4 1 : 48
0 1 0 1 0 1 0 4 : 144
0 1 0 1 0 1 1 3 : 108
0 1 0 1 0 1 2 2 : 72
0 1 0 1 0 1 3 1 : 36
0 1 0 1 0 2 0 3 : 72
0 1 0 1 0 2 1 2 : 48
0 1 0 1 0 2 2 1 : 24
0 1 0 1 0 3 0 2 : 24
0 1 0 1 0 3 1 1 : 12
0 1 0 1 1 0 0 4 : 96
0 1 0 1 1 0 1 3 : 72
0 1 0 1 1 0 2 2 : 48
0 1 0 1 1 0 3 1 : 24
0 1 0 1 1 1 0 3 : 48
0 1 0 1 1 1 1 2 : 32
0 1 0 1 1 1 2 1 : 16
0 1 0 1 1 2 0 2 : 16
0 1 0 1 1 2 1 1 : 8
0 1 0 1 2 0 0 3 : 24
0 1 0 1 2 0 1 2 : 16
0 1 0 1 2 0 2 1 : 8
0 1 0 1 2 1 0 2 : 8
0 1 0 1 2 1 1 1 : 4
0 1 0 2 0 0 0 4 : 48
0 1 0 2 0 0 1 3 : 36
0 1 0 2 0 0 2 2 : 24
0 1 0 2 0 0 3 1 : 12
0 1 0 2 0 1 0 3 : 24
0 1 0 2 0 1 1 2 : 16
0 1 0 2 0 1 2 1 : 8
0 1 0 2 0 2 0 2 : 8
0 1 0 2 0 2 1 1 : 4
0 1 0 2 1 0 0 3 : 12
0 1 0 2 1 0 1 2 : 8
0 1 0 2 1 0 2 1 : 4
0 1 0 2 1 1 0 2 : 4
0 1 0 2 1 1 1 1 : 2
0 1 1 0 0 0 0 5 : 120
0 1 1 0 0 0 1 4 : 96
0 1 1 0 0 0 2 3 : 72
0 1 1 0 0 0 3 2 : 48
0 1 1 0 0 0 4 1 : 24
0 1 1 0 0 1 0 4 : 72
0 1 1 0 0 1 1 3 : 54
0 1 1 0 0 1 2 2 : 36
0 1 1 0 0 1 3 1 : 18
0 1 1 0 0 2 0 3 : 36
0 1 1 0 0 2 1 2 : 24
0 1 1 0 0 2 2 1 : 12
0 1 1 0 0 3 0 2 : 12
0 1 1 0 0 3 1 1 : 6
0 1 1 0 1 0 0 4 : 48
0 1 1 0 1 0 1 3 : 36
0 1 1 0 1 0 2 2 : 24
0 1 1 0 1 0 3 1 : 12
0 1 1 0 1 1 0 3 : 24
0 1 1 0 1 1 1 2 : 16
0 1 1 0 1 1 2 1 : 8
0 1 1 0 1 2 0 2 : 8
0 1 1 0 1 2 1 1 : 4
0 1 1 0 2 0 0 3 : 12
0 1 1 0 2 0 1 2 : 8
0 1 1 0 2 0 2 1 : 4
0 1 1 0 2 1 0 2 : 4
0 1 1 0 2 1 1 1 : 2
0 1 1 1 0 0 0 4 : 24
0 1 1 1 0 0 1 3 : 18
0 1 1 1 0 0 2 2 : 12
0 1 1 1 0 0 3 1 : 6
0 1 1 1 0 1 0 3 : 12
0 1 1 1 0 1 1 2 : 8
0 1 1 1 0 1 2 1 : 4
0 1 1 1 0 2 0 2 : 4
0 1 1 1 0 2 1 1 : 2
0 1 1 1 1 0 0 3 : 6
0 1 1 1 1 0 1 2 : 4
0 1 1 1 1 0 2 1 : 2
0 1 1 1 1 1 0 2 : 2
0 1 1 1 1 1 1 1 : 1
 3 4 5 6 7 8:
0 0 1 1 1 1 1 2 : 2
0 0 1 1 1 1 2 1 : 4
0 0 1 1 1 2 1 1 : 6
0 0 1 1 2 1 1 1 : 8
0 0 1 2 1 1 1 1 : 10
0 0 2 1 1 1 1 1 : 12
0 1 1 1 1 1 1 1 : 6
 3 4 5 6 8:
0 0 1 1 1 1 0 3 : 6
0 0 1 1 1 1 1 2 : 4
0 0 1 1 1 1 2 1 : 2
0 0 1 1 1 2 0 2 : 8
0 0 1 1 1 2 1 1 : 4
0 0 1 1 2 1 0 2 : 12
0 0 1 1 2 1 1 1 : 6
0 0 1 2 1 1 0 2 : 16
0 0 1 2 1 1 1 1 : 8
0 0 2 1 1 1 0 2 : 20
0 0 2 1 1 1 1 1 : 10
0 1 1 1 1 1 0 2 : 10
0 1 1 1 1 1 1 1 : 5
 3 4 5 7 8:
0 0 1 1 1 0 1 3 : 6
0 0 1 1 1 0 2 2 : 12
0 0 1 1 1 0 3 1 : 18
0 0 1 1 1 1 1 2 : 6
0 0 1 1 1 1 2 1 : 12
0 0 1 1 1 2 1 1 : 6
0 0 1 1 2 0 1 2 : 8
0 0 1 1 2 0 2 1 : 20
0 0 1 1 2 1 1 1 : 10
0 0 1 2 1 0 1 2 : 12
0 0 1 2 1 0 2 1 : 28
0 0 1 2 1 1 1 1 : 14
0 0 2 1 1 0 1 2 : 16
0 0 2 1 1 0 2 1 : 36
0 0 2 1 1 1 1 1 : 18
0 1 1 1 1 0 1 2 : 8
0 1 1 1 1 0 2 1 : 18
0 1 1 1 1 1 1 1 : 9
 3 4 5 8:
0 0 1 1 1 0 0 4 : 24
0 0 1 1 1 0 1 3 : 18
0 0 1 1 1 0 2 2 : 12
0 0 1 1 1 0 3 1 : 6
0 0 1 1 1 1 0 3 : 12
0 0 1 1 1 1 1 2 : 8
0 0 1 1 1 1 2 1 : 4
0 0 1 1 1 2 0 2 : 4
0 0 1 1 1 2 1 1 : 2
0 0 1 1 2 0 0 3 : 24
0 0 1 1 2 0 1 2 : 16
0 0 1 1 2 0 2 1 : 8
0 0 1 1 2 1 0 2 : 8
0 0 1 1 2 1 1 1 : 4
0 0 1 2 1 0 0 3 : 36
0 0 1 2 1 0 1 2 : 24
0 0 1 2 1 0 2 1 : 12
0 0 1 2 1 1 0 2 : 12
0 0 1 2 1 1 1 1 : 6
0 0 2 1 1 0 0 3 : 48
0 0 2 1 1 0 1 2 : 32
0 0 2 1 1 0 2 1 : 16
0 0 2 1 1 1 0 2 : 16
0 0 2 1 1 1 1 1 : 8
0 1 1 1 1 0 0 3 : 24
0 1 1 1 1 0 1 2 : 16
0 1 1 1 1 0 2 1 : 8
0 1 1 1 1 1 0 2 : 8
0 1 1 1 1 1 1 1 : 4
 3 4 6 7 8:
0 0 1 1 0 1 1 3 : 6
0 0 1 1 0 1 2 2 : 12
0 0 1 1 0 1 3 1 : 18
0 0 1 1 0 2 1 2 : 16
0 0 1 1 0 2 2 1 : 32
0 0 1 1 0 3 1 1 : 36
0 0 1 1 1 1 1 2 : 8
0 0 1 1 1 1 2 1 : 16
0 0 1 1 1 2 1 1 : 24
0 0 1 1 2 1 1 1 : 12
0 0 1 2 0 1 1 2 : 8
0 0 1 2 0 1 2 1 : 20
0 0 1 2 0 2 1 1 : 36
0 0 1 2 1 1 1 1 : 18
0 0 2 1 0 1 1 2 : 12
0 0 2 1 0 1 2 1 : 28
0 0 2 1 0 2 1 1 : 48
0 0 2 1 1 1 1 1 : 24
0 1 1 1 0 1 1 2 : 6
0 1 1 1 0 1 2 1 : 14
0 1 1 1 0 2 1 1 : 24
0 1 1 1 1 1 1 1 : 12
 3 4 6 8:
0 0 1 1 0 1 0 4 : 24
0 0 1 1 0 1 1 3 : 18
0 0 1 1 0 1 2 2 : 12
0 0 1 1 0 1 3 1 : 6
0 0 1 1 0 2 0 3 : 36
0 0 1 1 0 2 1 2 : 24
0 0 1 1 0 2 2 1 : 12
0 0 1 1 0 3 0 2 : 36
0 0 1 1 0 3 1 1 : 18
0 0 1 1 1 1 0 3 : 18
0 0 1 1 1 1 1 2 : 12
0 0 1 1 1 1 2 1 : 6
0 0 1 1 1 2 0 2 : 24
0 0 1 1 1 2 1 1 : 12
0 0 1 1 2 1 0 2 : 12
0 0 1 1 2 1 1 1 : 6
0 0 1 2 0 1 0 3 : 24
0 0 1 2 0 1 1 2 : 16
0 0 1 2 0 1 2 1 : 8
0 0 1 2 0 2 0 2 : 40
0 0 1 2 0 2 1 1 : 20
0 0 1 2 1 1 0 2 : 20
0 0 1 2 1 1 1 1 : 10
0 0 2 1 0 1 0 3 : 36
0 0 2 1 0 1 1 2 : 24
0 0 2 1 0 1 2 1 : 12
0 0 2 1 0 2 0 2 : 56
0 0 2 1 0 2 1 1 : 28
0 0 2 1 1 1 0 2 : 28
0 0 2 1 1 1 1 1 : 14
0 1 1 1 0 1 0 3 : 18
0 1 1 1 0 1 1 2 : 12
0 1 1 1 0 1 2 1 : 6
0 1 1 1 0 2 0 2 : 28
0 1 1 1 0 2 1 1 : 14
0 1 1 1 1 1 0 2 : 14
0 1 1 1 1 1 1 1 : 7
 3 4 7 8:
0 0 1 1 0 0 1 4 : 24
0 0 1 1 0 0 2 3 : 48
0 0 1 1 0 0 3 2 : 72
0 0 1 1 0 0 4 1 : 96
0 0 1 1 0 1 1 3 : 24
0 0 1 1 0 1 2 2 : 48
0 0 1 1 0 1 3 1 : 72
0 0 1 1 0 2 1 2 : 24
0 0 1 1 0 2 2 1 : 48
0 0 1 1 0 3 1 1 : 24
0 0 1 1 1 0 1 3 : 12
0 0 1 1 1 0 2 2 : 28
0 0 1 1 1 0 3 1 : 48
0 0 1 1 1 1 1 2 : 14
0 0 1 1 1 1 2 1 : 32
0 0 1 1 1 2 1 1 : 16
0 0 1 1 2 0 1 2 : 4
0 0 1 1 2 0 2 1 : 16
0 0 1 1 2 1 1 1 : 8
0 0 1 2 0 0 1 3 : 24
0 0 1 2 0 0 2 2 : 48
0 0 1 2 0 0 3 1 : 84
0 0 1 2 0 1 1 2 : 24
0 0 1 2 0 1 2 1 : 56
0 0 1 2 0 2 1 1 : 28
0 0 1 2 1 0 1 2 : 8
0 0 1 2 1 0 2 1 : 28
0 0 1 2 1 1 1 1 : 14
0 0 2 1 0 0 1 3 : 36
0 0 2 1 0 0 2 2 : 72
0 0 2 1 0 0 3 1 : 120
0 0 2 1 0 1 1 2 : 36
0 0 2 1 0 1 2 1 : 80
0 0 2 1 0 2 1 1 : 40
0 0 2 1 1 0 1 2 : 12
0 0 2 1 1 0 2 1 : 40
0 0 2 1 1 1 1 1 : 20
0 1 1 1 0 0 1 3 : 18
0 1 1 1 0 0 2 2 : 36
0 1 1 1 0 0 3 1 : 60
0 1 1 1 0 1 1 2 : 18
0 1 1 1 0 1 2 1 : 40
0 1 1 1 0 2 1 1 : 20
0 1 1 1 1 0 1 2 : 6
0 1 1 1 1 0 2 1 : 20
0 1 1 1 1 1 1 1 : 10
 3 4 8:
0 0 1 1 0 0 0 5 : 120
0 0 1 1 0 0 1 4 : 96
0 0 1 1 0 0 2 3 : 72
0 0 1 1 0 0 3 2 : 48
0 0 1 1 0 0 4 1 : 24
0 0 1 1 0 1 0 4 : 72
0 0 1 1 0 1 1 3 : 54
0 0 1 1 0 1 2 2 : 36
0 0 1 1 0 1 3 1 : 18
0 0 1 1 0 2 0 3 : 36
0 0 1 1 0 2 1 2 : 24
0 0 1 1 0 2 2 1 : 12
0 0 1 1 0 3 0 2 : 12
0 0 1 1 0 3 1 1 : 6
0 0 1 1 1 0 0 4 : 48
0 0 1 1 1 0 1 3 : 36
0 0 1 1 1 0 2 2 : 24
0 0 1 1 1 0 3 1 : 12
0 0 1 1 1 1 0 3 : 24
0 0 1 1 1 1 1 2 : 16
0 0 1 1 1 1 2 1 : 8
0 0 1 1 1 2 0 2 : 8
0 0 1 1 1 2 1 1 : 4
0 0 1 1 2 0 0 3 : 12
0 0 1 1 2 0 1 2 : 8
0 0 1 1 2 0 2 1 : 4
0 0 1 1 2 1 0 2 : 4
0 0 1 1 2 1 1 1 : 2
0 0 1 2 0 0 0 4 : 96
0 0 1 2 0 0 1 3 : 72
0 0 1 2 0 0 2 2 : 48
0 0 1 2 0 0 3 1 : 24
0 0 1 2 0 1 0 3 : 48
0 0 1 2 0 1 1 2 : 32
0 0 1 2 0 1 2 1 : 16
0 0 1 2 0 2 0 2 : 16
0 0 1 2 0 2 1 1 : 8
0 0 1 2 1 0 0 3 : 24
0 0 1 2 1 0 1 2 : 16
0 0 1 2 1 0 2 1 : 8
0 0 1 2 1 1 0 2 : 8
0 0 1 2 1 1 1 1 : 4
0 0 2 1 0 0 0 4 : 144
0 0 2 1 0 0 1 3 : 108
0 0 2 1 0 0 2 2 : 72
0 0 2 1 0 0 3 1 : 36
0 0 2 1 0 1 0 3 : 72
0 0 2 1 0 1 1 2 : 48
0 0 2 1 0 1 2 1 : 24
0 0 2 1 0 2 0 2 : 24
0 0 2 1 0 2 1 1 : 12
0 0 2 1 1 0 0 3 : 36
0 0 2 1 1 0 1 2 : 24
0 0 2 1 1 0 2 1 : 12
0 0 2 1 1 1 0 2 : 12
0 0 2 1 1 1 1 1 : 6
0 1 1 1 0 0 0 4 : 72
0 1 1 1 0 0 1 3 : 54
0 1 1 1 0 0 2 2 : 36
0 1 1 1 0 0 3 1 : 18
0 1 1 1 0 1 0 3 : 36
0 1 1 1 0 1 1 2 : 24
0 1 1 1 0 1 2 1 : 12
0 1 1 1 0 2 0 2 : 12
0 1 1 1 0 2 1 1 : 6
0 1 1 1 1 0 0 3 : 18
0 1 1 1 1 0 1 2 : 12
0 1 1 1 1 0 2 1 : 6
0 1 1 1 1 1 0 2 : 6
0 1 1 1 1 1 1 1 : 3
 3 5 6 7 8:
0 0 1 0 1 1 1 3 : 6
0 0 1 0 1 1 2 2 : 12
0 0 1 0 1 1 3 1 : 18
0 0 1 0 1 2 1 2 : 16
0 0 1 0 1 2 2 1 : 32
0 0 1 0 1 3 1 1 : 36
0 0 1 0 2 1 1 2 : 20
0 0 1 0 2 1 2 1 : 40
0 0 1 0 2 2 1 1 : 60
0 0 1 0 3 1 1 1 : 60
0 0 1 1 1 1 1 2 : 10
0 0 1 1 1 1 2 1 : 20
0 0 1 1 1 2 1 1 : 30
0 0 1 1 2 1 1 1 : 40
0 0 1 2 1 1 1 1 : 20
0 0 2 0 1 1 1 2 : 8
0 0 2 0 1 1 2 1 : 20
0 0 2 0 1 2 1 1 : 36
0 0 2 0 2 1 1 1 : 56
0 0 2 1 1 1 1 1 : 28
0 1 1 0 1 1 1 2 : 4
0 1 1 0 1 1 2 1 : 10
0 1 1 0 1 2 1 1 : 18
0 1 1 0 2 1 1 1 : 28
0 1 1 1 1 1 1 1 : 14
 3 5 6 8:
0 0 1 0 1 1 0 4 : 24
0 0 1 0 1 1 1 3 : 18
0 0 1 0 1 1 2 2 : 12
0 0 1 0 1 1 3 1 : 6
0 0 1 0 1 2 0 3 : 36
0 0 1 0 1 2 1 2 : 24
0 0 1 0 1 2 2 1 : 12
0 0 1 0 1 3 0 2 : 36
0 0 1 0 1 3 1 1 : 18
0 0 1 0 2 1 0 3 : 48
0 0 1 0 2 1 1 2 : 32
0 0 1 0 2 1 2 1 : 16
0 0 1 0 2 2 0 2 : 64
0 0 1 0 2 2 1 1 : 32
0 0 1 0 3 1 0 2 : 72
0 0 1 0 3 1 1 1 : 36
0 0 1 1 1 1 0 3 : 24
0 0 1 1 1 1 1 2 : 16
0 0 1 1 1 1 2 1 : 8
0 0 1 1 1 2 0 2 : 32
0 0 1 1 1 2 1 1 : 16
0 0 1 1 2 1 0 2 : 48
0 0 1 1 2 1 1 1 : 24
0 0 1 2 1 1 0 2 : 24
0 0 1 2 1 1 1 1 : 12
0 0 2 0 1 1 0 3 : 24
0 0 2 0 1 1 1 2 : 16
0 0 2 0 1 1 2 1 : 8
0 0 2 0 1 2 0 2 : 40
0 0 2 0 1 2 1 1 : 20
0 0 2 0 2 1 0 2 : 72
0 0 2 0 2 1 1 1 : 36
0 0 2 1 1 1 0 2 : 36
0 0 2 1 1 1 1 1 : 18
0 1 1 0 1 1 0 3 : 12
0 1 1 0 1 1 1 2 : 8
0 1 1 0 1 1 2 1 : 4
0 1 1 0 1 2 0 2 : 20
0 1 1 0 1 2 1 1 : 10
0 1 1 0 2 1 0 2 : 36
0 1 1 0 2 1 1 1 : 18
0 1 1 1 1 1 0 2 : 18
0 1 1 1 1 1 1 1 : 9
 3 5 7 8:
0 0 1 0 1 0 1 4 : 24
0 0 1 0 1 0 2 3 : 48
0 0 1 0 1 0 3 2 : 72
0 0 1 0 1 0 4 1 : 96
0 0 1 0 1 1 1 3 : 24
0 0 1 0 1 1 2 2 : 48
0 0 1 0 1 1 3 1 : 72
0 0 1 0 1 2 1 2 : 24
0 0 1 0 1 2 2 1 : 48
0 0 1 0 1 3 1 1 : 24
0 0 1 0 2 0 1 3 : 36
0 0 1 0 2 0 2 2 : 80
0 0 1 0 2 0 3 1 : 132
0 0 1 0 2 1 1 2 : 40
0 0 1 0 2 1 2 1 : 88
0 0 1 0 2 2 1 1 : 44
0 0 1 0 3 0 1 2 : 36
0 0 1 0 3 0 2 1 : 108
0 0 1 0 3 1 1 1 : 54
0 0 1 1 1 0 1 3 : 18
0 0 1 1 1 0 2 2 : 40
0 0 1 1 1 0 3 1 : 66
0 0 1 1 1 1 1 2 : 20
0 0 1 1 1 1 2 1 : 44
0 0 1 1 1 2 1 1 : 22
0 0 1 1 2 0 1 2 : 24
0 0 1 1 2 0 2 1 : 72
0 0 1 1 2 1 1 1 : 36
0 0 1 2 1 0 1 2 : 12
0 0 1 2 1 0 2 1 : 36
0 0 1 2 1 1 1 1 : 18
0 0 2 0 1 0 1 3 : 24
0 0 2 0 1 0 2 2 : 48
0 0 2 0 1 0 3 1 : 84
0 0 2 0 1 1 1 2 : 24
0 0 2 0 1 1 2 1 : 56
0 0 2 0 1 2 1 1 : 28
0 0 2 0 2 0 1 2 : 40
0 0 2 0 2 0 2 1 : 112
0 0 2 0 2 1 1 1 : 56
0 0 2 1 1 0 1 2 : 20
0 0 2 1 1 0 2 1 : 56
0 0 2 1 1 1 1 1 : 28
0 1 1 0 1 0 1 3 : 12
0 1 1 0 1 0 2 2 : 24
0 1 1 0 1 0 3 1 : 42
0 1 1 0 1 1 1 2 : 12
0 1 1 0 1 1 2 1 : 28
0 1 1 0 1 2 1 1 : 14
0 1 1 0 2 0 1 2 : 20
0 1 1 0 2 0 2 1 : 56
0 1 1 0 2 1 1 1 : 28
0 1 1 1 1 0 1 2 : 10
0 1 1 1 1 0 2 1 : 28
0 1 1 1 1 1 1 1 : 14
 3 5 8:
0 0 1 0 1 0 0 5 : 120
0 0 1 0 1 0 1 4 : 96
0 0 1 0 1 0 2 3 : 72
0 0 1 0 1 0 3 2 : 48
0 0 1 0 1 0 4 1 : 24
0 0 1 0 1 1 0 4 : 72
0 0 1 0 1 1 1 3 : 54
0 0 1 0 1 1 2 2 : 36
0 0 1 0 1 1 3 1 : 18
0 0 1 0 1 2 0 3 : 36
0 0 1 0 1 2 1 2 : 24
0 0 1 0 1 2 2 1 : 12
0 0 1 0 1 3 0 2 : 12
0 0 1 0 1 3 1 1 : 6
0 0 1 0 2 0 0 4 : 144
0 0 1 0 2 0 1 3 : 108
0 0 1 0 2 0 2 2 : 72
0 0 1 0 2 0 3 1 : 36
0 0 1 0 2 1 0 3 : 72
0 0 1 0 2 1 1 2 : 48
0 0 1 0 2 1 2 1 : 24
0 0 1 0 2 2 0 2 : 24
0 0 1 0 2 2 1 1 : 12
0 0 1 0 3 0 0 3 : 108
0 0 1 0 3 0 1 2 : 72
0 0 1 0 3 0 2 1 : 36
0 0 1 0 3 1 0 2 : 36
0 0 1 0 3 1 1 1 : 18
0 0 1 1 1 0 0 4 : 72
0 0 1 1 1 0 1 3 : 54
0 0 1 1 1 0 2 2 : 36
0 0 1 1 1 0 3 1 : 18
0 0 1 1 1 1 0 3 : 36
0 0 1 1 1 1 1 2 : 24
0 0 1 1 1 1 2 1 : 12
0 0 1 1 1 2 0 2 : 12
0 0 1 1 1 2 1 1 : 6
0 0 1 1 2 0 0 3 : 72
0 0 1 1 2 0 1 2 : 48
0 0 1 1 2 0 2 1 : 24
0 0 1 1 2 1 0 2 : 24
0 0 1 1 2 1 1 1 : 12
0 0 1 2 1 0 0 3 : 36
0 0 1 2 1 0 1 2 : 24
0 0 1 2 1 0 2 1 : 12
0 0 1 2 1 1 0 2 : 12
0 0 1 2 1 1 1 1 : 6
0 0 2 0 1 0 0 4 : 96
0 0 2 0 1 0 1 3 : 72
0 0 2 0 1 0 2 2 : 48
0 0 2 0 1 0 3 1 : 24
0 0 2 0 1 1 0 3 : 48
0 0 2 0 1 1 1 2 : 32
0 0 2 0 1 1 2 1 : 16
0 0 2 0 1 2 0 2 : 16
0 0 2 0 1 2 1 1 : 8
0 0 2 0 2 0 0 3 : 120
0 0 2 0 2 0 1 2 : 80
0 0 2 0 2 0 2 1 : 40
0 0 2 0 2 1 0 2 : 40
0 0 2 0 2 1 1 1 : 20
0 0 2 1 1 0 0 3 : 60
0 0 2 1 1 0 1 2 : 40
0 0 2 1 1 0 2 1 : 20
0 0 2 1 1 1 0 2 : 20
0 0 2 1 1 1 1 1 : 10
0 1 1 0 1 0 0 4 : 48
0 1 1 0 1 0 1 3 : 36
0 1 1 0 1 0 2 2 : 24
0 1 1 0 1 0 3 1 : 12
0 1 1 0 1 1 0 3 : 24
0 1 1 0 1 1 1 2 : 16
0 1 1 0 1 1 2 1 : 8
0 1 1 0 1 2 0 2 : 8
0 1 1 0 1 2 1 1 : 4
0 1 1 0 2 0 0 3 : 60
0 1 1 0 2 0 1 2 : 40
0 1 1 0 2 0 2 1 : 20
0 1 1 0 2 1 0 2 : 20
0 1 1 0 2 1 1 1 : 10
0 1 1 1 1 0 0 3 : 30
0 1 1 1 1 0 1 2 : 20
0 1 1 1 1 0 2 1 : 10
0 1 1 1 1 1 0 2 : 10
0 1 1 1 1 1 1 1 : 5
 3 6 7 8:
0 0 1 0 0 1 1 4 : 24
0 0 1 0 0 1 2 3 : 48
0 0 1 0 0 1 3 2 : 72
0 0 1 0 0 1 4 1 : 96
0 0 1 0 0 2 1 3 : 60
0 0 1 0 0 2 2 2 : 120
0 0 1 0 0 2 3 1 : 180
0 0 1 0 0 3 1 2 : 120
0 0 1 0 0 3 2 1 : 240
0 0 1 0 0 4 1 1 : 240
0 0 1 0 1 1 1 3 : 30
0 0 1 0 1 1 2 2 : 60
0 0 1 0 1 1 3 1 : 90
0 0 1 0 1 2 1 2 : 80
0 0 1 0 1 2 2 1 : 160
0 0 1 0 1 3 1 1 : 180
0 0 1 0 2 1 1 2 : 40
0 0 1 0 2 1 2 1 : 80
0 0 1 0 2 2 1 1 : 120
0 0 1 0 3 1 1 1 : 60
0 0 1 1 0 1 1 3 : 12
0 0 1 1 0 1 2 2 : 28
0 0 1 1 0 1 3 1 : 48
0 0 1 1 0 2 1 2 : 44
0 0 1 1 0 2 2 1 : 96
0 0 1 1 0 3 1 1 : 120
0 0 1 1 1 1 1 2 : 22
0 0 1 1 1 1 2 1 : 48
0 0 1 1 1 2 1 1 : 80
0 0 1 1 2 1 1 1 : 40
0 0 1 2 0 1 1 2 : 4
0 0 1 2 0 1 2 1 : 16
0 0 1 2 0 2 1 1 : 40
0 0 1 2 1 1 1 1 : 20
0 0 2 0 0 1 1 3 : 24
0 0 2 0 0 1 2 2 : 48
0 0 2 0 0 1 3 1 : 84
0 0 2 0 0 2 1 2 : 64
0 0 2 0 0 2 2 1 : 152
0 0 2 0 0 3 1 1 : 192
0 0 2 0 1 1 1 2 : 32
0 0 2 0 1 1 2 1 : 76
0 0 2 0 1 2 1 1 : 128
0 0 2 0 2 1 1 1 : 64
0 0 2 1 0 1 1 2 : 8
0 0 2 1 0 1 2 1 : 28
0 0 2 1 0 2 1 1 : 64
0 0 2 1 1 1 1 1 : 32
0 1 1 0 0 1 1 3 : 12
0 1 1 0 0 1 2 2 : 24
0 1 1 0 0 1 3 1 : 42
0 1 1 0 0 2 1 2 : 32
0 1 1 0 0 2 2 1 : 76
0 1 1 0 0 3 1 1 : 96
0 1 1 0 1 1 1 2 : 16
0 1 1 0 1 1 2 1 : 38
0 1 1 0 1 2 1 1 : 64
0 1 1 0 2 1 1 1 : 32
0 1 1 1 0 1 1 2 : 4
0 1 1 1 0 1 2 1 : 14
0 1 1 1 0 2 1 1 : 32
0 1 1 1 1 1 1 1 : 16
 3 6 8:
0 0 1 0 0 1 0 5 : 120
0 0 1 0 0 1 1 4 : 96
0 0 1 0 0 1 2 3 : 72
0 0 1 0 0 1 3 2 : 48
0 0 1 0 0 1 4 1 : 24
0 0 1 0 0 2 0 4 : 192
0 0 1 0 0 2 1 3 : 144
0 0 1 0 0 2 2 2 : 96
0 0 1 0 0 2 3 1 : 48
0 0 1 0 0 3 0 3 : 216
0 0 1 0 0 3 1 2 : 144
0 0 1 0 0 3 2 1 : 72
0 0 1 0 0 4 0 2 : 192
0 0 1 0 0 4 1 1 : 96
0 0 1 0 1 1 0 4 : 96
0 0 1 0 1 1 1 3 : 72
0 0 1 0 1 1 2 2 : 48
0 0 1 0 1 1 3 1 : 24
0 0 1 0 1 2 0 3 : 144
0 0 1 0 1 2 1 2 : 96
0 0 1 0 1 2 2 1 : 48
0 0 1 0 1 3 0 2 : 144
0 0 1 0 1 3 1 1 : 72
0 0 1 0 2 1 0 3 : 72
0 0 1 0 2 1 1 2 : 48
0 0 1 0 2 1 2 1 : 24
0 0 1 0 2 2 0 2 : 96
0 0 1 0 2 2 1 1 : 48
0 0 1 0 3 1 0 2 : 48
0 0 1 0 3 1 1 1 : 24
0 0 1 1 0 1 0 4 : 48
0 0 1 1 0 1 1 3 : 36
0 0 1 1 0 1 2 2 : 24
0 0 1 1 0 1 3 1 : 12
0 0 1 1 0 2 0 3 : 84
0 0 1 1 0 2 1 2 : 56
0 0 1 1 0 2 2 1 : 28
0 0 1 1 0 3 0 2 : 96
0 0 1 1 0 3 1 1 : 48
0 0 1 1 1 1 0 3 : 42
0 0 1 1 1 1 1 2 : 28
0 0 1 1 1 1 2 1 : 14
0 0 1 1 1 2 0 2 : 64
0 0 1 1 1 2 1 1 : 32
0 0 1 1 2 1 0 2 : 32
0 0 1 1 2 1 1 1 : 16
0 0 1 2 0 1 0 3 : 12
0 0 1 2 0 1 1 2 : 8
0 0 1 2 0 1 2 1 : 4
0 0 1 2 0 2 0 2 : 32
0 0 1 2 0 2 1 1 : 16
0 0 1 2 1 1 0 2 : 16
0 0 1 2 1 1 1 1 : 8
0 0 2 0 0 1 0 4 : 96
0 0 2 0 0 1 1 3 : 72
0 0 2 0 0 1 2 2 : 48
0 0 2 0 0 1 3 1 : 24
0 0 2 0 0 2 0 3 : 144
0 0 2 0 0 2 1 2 : 96
0 0 2 0 0 2 2 1 : 48
0 0 2 0 0 3 0 2 : 168
0 0 2 0 0 3 1 1 : 84
0 0 2 0 1 1 0 3 : 72
0 0 2 0 1 1 1 2 : 48
0 0 2 0 1 1 2 1 : 24
0 0 2 0 1 2 0 2 : 112
0 0 2 0 1 2 1 1 : 56
0 0 2 0 2 1 0 2 : 56
0 0 2 0 2 1 1 1 : 28
0 0 2 1 0 1 0 3 : 24
0 0 2 1 0 1 1 2 : 16
0 0 2 1 0 1 2 1 : 8
0 0 2 1 0 2 0 2 : 56
0 0 2 1 0 2 1 1 : 28
0 0 2 1 1 1 0 2 : 28
0 0 2 1 1 1 1 1 : 14
0 1 1 0 0 1 0 4 : 48
0 1 1 0 0 1 1 3 : 36
0 1 1 0 0 1 2 2 : 24
0 1 1 0 0 1 3 1 : 12
0 1 1 0 0 2 0 3 : 72
0 1 1 0 0 2 1 2 : 48
0 1 1 0 0 2 2 1 : 24
0 1 1 0 0 3 0 2 : 84
0 1 1 0 0 3 1 1 : 42
0 1 1 0 1 1 0 3 : 36
0 1 1 0 1 1 1 2 : 24
0 1 1 0 1 1 2 1 : 12
0 1 1 0 1 2 0 2 : 56
0 1 1 0 1 2 1 1 : 28
0 1 1 0 2 1 0 2 : 28
0 1 1 0 2 1 1 1 : 14
0 1 1 1 0 1 0 3 : 12
0 1 1 1 0 1 1 2 : 8
0 1 1 1 0 1 2 1 : 4
0 1 1 1 0 2 0 2 : 28
0 1 1 1 0 2 1 1 : 14
0 1 1 1 1 1 0 2 : 14
0 1 1 1 1 1 1 1 : 7
 3 7 8:
0 0 1 0 0 0 1 5 : 120
0 0 1 0 0 0 2 4 : 240
0 0 1 0 0 0 3 3 : 360
0 0 1 0 0 0 4 2 : 480
0 0 1 0 0 0 5 1 : 600
0 0 1 0 0 1 1 4 : 120
0 0 1 0 0 1 2 3 : 240
0 0 1 0 0 1 3 2 : 360
0 0 1 0 0 1 4 1 : 480
0 0 1 0 0 2 1 3 : 120
0 0 1 0 0 2 2 2 : 240
0 0 1 0 0 2 3 1 : 360
0 0 1 0 0 3 1 2 : 120
0 0 1 0 0 3 2 1 : 240
0 0 1 0 0 4 1 1 : 120
0 0 1 0 1 0 1 4 : 72
0 0 1 0 1 0 2 3 : 156
0 0 1 0 1 0 3 2 : 252
0 0 1 0 1 0 4 1 : 360
0 0 1 0 1 1 1 3 : 78
0 0 1 0 1 1 2 2 : 168
0 0 1 0 1 1 3 1 : 270
0 0 1 0 1 2 1 2 : 84
0 0 1 0 1 2 2 1 : 180
0 0 1 0 1 3 1 1 : 90
0 0 1 0 2 0 1 3 : 36
0 0 1 0 2 0 2 2 : 96
0 0 1 0 2 0 3 1 : 180
0 0 1 0 2 1 1 2 : 48
0 0 1 0 2 1 2 1 : 120
0 0 1 0 2 2 1 1 : 60
0 0 1 0 3 0 1 2 : 12
0 0 1 0 3 0 2 1 : 60
0 0 1 0 3 1 1 1 : 30
0 0 1 1 0 0 1 4 : 48
0 0 1 1 0 0 2 3 : 96
0 0 1 1 0 0 3 2 : 156
0 0 1 1 0 0 4 1 : 240
0 0 1 1 0 1 1 3 : 48
0 0 1 1 0 1 2 2 : 104
0 0 1 1 0 1 3 1 : 180
0 0 1 1 0 2 1 2 : 52
0 0 1 1 0 2 2 1 : 120
0 0 1 1 0 3 1 1 : 60
0 0 1 1 1 0 1 3 : 24
0 0 1 1 1 0 2 2 : 60
0 0 1 1 1 0 3 1 : 120
0 0 1 1 1 1 1 2 : 30
0 0 1 1 1 1 2 1 : 80
0 0 1 1 1 2 1 1 : 40
0 0 1 1 2 0 1 2 : 8
0 0 1 1 2 0 2 1 : 40
0 0 1 1 2 1 1 1 : 20
0 0 1 2 0 0 1 3 : 12
0 0 1 2 0 0 2 2 : 24
0 0 1 2 0 0 3 1 : 60
0 0 1 2 0 1 1 2 : 12
0 0 1 2 0 1 2 1 : 40
0 0 1 2 0 2 1 1 : 20
0 0 1 2 1 0 1 2 : 4
0 0 1 2 1 0 2 1 : 20
0 0 1 2 1 1 1 1 : 10
0 0 2 0 0 0 1 4 : 96
0 0 2 0 0 0 2 3 : 192
0 0 2 0 0 0 3 2 : 288
0 0 2 0 0 0 4 1 : 432
0 0 2 0 0 1 1 3 : 96
0 0 2 0 0 1 2 2 : 192
0 0 2 0 0 1 3 1 : 324
0 0 2 0 0 2 1 2 : 96
0 0 2 0 0 2 2 1 : 216
0 0 2 0 0 3 1 1 : 108
0 0 2 0 1 0 1 3 : 48
0 0 2 0 1 0 2 2 : 112
0 0 2 0 1 0 3 1 : 216
0 0 2 0 1 1 1 2 : 56
0 0 2 0 1 1 2 1 : 144
0 0 2 0 1 2 1 1 : 72
0 0 2 0 2 0 1 2 : 16
0 0 2 0 2 0 2 1 : 72
0 0 2 0 2 1 1 1 : 36
0 0 2 1 0 0 1 3 : 24
0 0 2 1 0 0 2 2 : 48
0 0 2 1 0 0 3 1 : 108
0 0 2 1 0 1 1 2 : 24
0 0 2 1 0 1 2 1 : 72
0 0 2 1 0 2 1 1 : 36
0 0 2 1 1 0 1 2 : 8
0 0 2 1 1 0 2 1 : 36
0 0 2 1 1 1 1 1 : 18
0 1 1 0 0 0 1 4 : 48
0 1 1 0 0 0 2 3 : 96
0 1 1 0 0 0 3 2 : 144
0 1 1 0 0 0 4 1 : 216
0 1 1 0 0 1 1 3 : 48
0 1 1 0 0 1 2 2 : 96
0 1 1 0 0 1 3 1 : 162
0 1 1 0 0 2 1 2 : 48
0 1 1 0 0 2 2 1 : 108
0 1 1 0 0 3 1 1 : 54
0 1 1 0 1 0 1 3 : 24
0 1 1 0 1 0 2 2 : 56
0 1 1 0 1 0 3 1 : 108
0 1 1 0 1 1 1 2 : 28
0 1 1 0 1 1 2 1 : 72
0 1 1 0 1 2 1 1 : 36
0 1 1 0 2 0 1 2 : 8
0 1 1 0 2 0 2 1 : 36
0 1 1 0 2 1 1 1 : 18
0 1 1 1 0 0 1 3 : 12
0 1 1 1 0 0 2 2 : 24
0 1 1 1 0 0 3 1 : 54
0 1 1 1 0 1 1 2 : 12
0 1 1 1 0 1 2 1 : 36
0 1 1 1 0 2 1 1 : 18
0 1 1 1 1 0 1 2 : 4
0 1 1 1 1 0 2 1 : 18
0 1 1 1 1 1 1 1 : 9
 3 8:
0 0 1 0 0 0 0 6 : 720
0 0 1 0 0 0 1 5 : 600
0 0 1 0 0 0 2 4 : 480
0 0 1 0 0 0 3 3 : 360
0 0 1 0 0 0 4 2 : 240
0 0 1 0 0 0 5 1 : 120
0 0 1 0 0 1 0 5 : 480
0 0 1 0 0 1 1 4 : 384
0 0 1 0 0 1 2 3 : 288
0 0 1 0 0 1 3 2 : 192
0 0 1 0 0 1 4 1 : 96
0 0 1 0 0 2 0 4 : 288
0 0 1 0 0 2 1 3 : 216
0 0 1 0 0 2 2 2 : 144
0 0 1 0 0 2 3 1 : 72
0 0 1 0 0 3 0 3 : 144
0 0 1 0 0 3 1 2 : 96
0 0 1 0 0 3 2 1 : 48
0 0 1 0 0 4 0 2 : 48
0 0 1 0 0 4 1 1 : 24
0 0 1 0 1 0 0 5 : 360
0 0 1 0 1 0 1 4 : 288
0 0 1 0 1 0 2 3 : 216
0 0 1 0 1 0 3 2 : 144
0 0 1 0 1 0 4 1 : 72
0 0 1 0 1 1 0 4 : 216
0 0 1 0 1 1 1 3 : 162
0 0 1 0 1 1 2 2 : 108
0 0 1 0 1 1 3 1 : 54
0 0 1 0 1 2 0 3 : 108
0 0 1 0 1 2 1 2 : 72
0 0 1 0 1 2 2 1 : 36
0 0 1 0 1 3 0 2 : 36
0 0 1 0 1 3 1 1 : 18
0 0 1 0 2 0 0 4 : 144
0 0 1 0 2 0 1 3 : 108
0 0 1 0 2 0 2 2 : 72
0 0 1 0 2 0 3 1 : 36
0 0 1 0 2 1 0 3 : 72
0 0 1 0 2 1 1 2 : 48
0 0 1 0 2 1 2 1 : 24
0 0 1 0 2 2 0 2 : 24
0 0 1 0 2 2 1 1 : 12
0 0 1 0 3 0 0 3 : 36
0 0 1 0 3 0 1 2 : 24
0 0 1 0 3 0 2 1 : 12
0 0 1 0 3 1 0 2 : 12
0 0 1 0 3 1 1 1 : 6
0 0 1 1 0 0 0 5 : 240
0 0 1 1 0 0 1 4 : 192
0 0 1 1 0 0 2 3 : 144
0 0 1 1 0 0 3 2 : 96
0 0 1 1 0 0 4 1 : 48
0 0 1 1 0 1 0 4 : 144
0 0 1 1 0 1 1 3 : 108
0 0 1 1 0 1 2 2 : 72
0 0 1 1 0 1 3 1 : 36
0 0 1 1 0 2 0 3 : 72
0 0 1 1 0 2 1 2 : 48
0 0 1 1 0 2 2 1 : 24
0 0 1 1 0 3 0 2 : 24
0 0 1 1 0 3 1 1 : 12
0 0 1 1 1 0 0 4 : 96
0 0 1 1 1 0 1 3 : 72
0 0 1 1 1 0 2 2 : 48
0 0 1 1 1 0 3 1 : 24
0 0 1 1 1 1 0 3 : 48
0 0 1 1 1 1 1 2 : 32
0 0 1 1 1 1 2 1 : 16
0 0 1 1 1 2 0 2 : 16
0 0 1 1 1 2 1 1 : 8
0 0 1 1 2 0 0 3 : 24
0 0 1 1 2 0 1 2 : 16
0 0 1 1 2 0 2 1 : 8
0 0 1 1 2 1 0 2 : 8
0 0 1 1 2 1 1 1 : 4
0 0 1 2 0 0 0 4 : 48
0 0 1 2 0 0 1 3 : 36
0 0 1 2 0 0 2 2 : 24
0 0 1 2 0 0 3 1 : 12
0 0 1 2 0 1 0 3 : 24
0 0 1 2 0 1 1 2 : 16
0 0 1 2 0 1 2 1 : 8
0 0 1 2 0 2 0 2 : 8
0 0 1 2 0 2 1 1 : 4
0 0 1 2 1 0 0 3 : 12
0 0 1 2 1 0 1 2 : 8
0 0 1 2 1 0 2 1 : 4
0 0 1 2 1 1 0 2 : 4
0 0 1 2 1 1 1 1 : 2
0 0 2 0 0 0 0 5 : 480
0 0 2 0 0 0 1 4 : 384
0 0 2 0 0 0 2 3 : 288
0 0 2 0 0 0 3 2 : 192
0 0 2 0 0 0 4 1 : 96
0 0 2 0 0 1 0 4 : 288
0 0 2 0 0 1 1 3 : 216
0 0 2 0 0 1 2 2 : 144
0 0 2 0 0 1 3 1 : 72
0 0 2 0 0 2 0 3 : 144
0 0 2 0 0 2 1 2 : 96
0 0 2 0 0 2 2 1 : 48
0 0 2 0 0 3 0 2 : 48
0 0 2 0 0 3 1 1 : 24
0 0 2 0 1 0 0 4 : 192
0 0 2 0 1 0 1 3 : 144
0 0 2 0 1 0 2 2 : 96
0 0 2 0 1 0 3 1 : 48
0 0 2 0 1 1 0 3 : 96
0 0 2 0 1 1 1 2 : 64
0 0 2 0 1 1 2 1 : 32
0 0 2 0 1 2 0 2 : 32
0 0 2 0 1 2 1 1 : 16
0 0 2 0 2 0 0 3 : 48
0 0 2 0 2 0 1 2 : 32
0 0 2 0 2 0 2 1 : 16
0 0 2 0 2 1 0 2 : 16
0 0 2 0 2 1 1 1 : 8
0 0 2 1 0 0 0 4 : 96
0 0 2 1 0 0 1 3 : 72
0 0 2 1 0 0 2 2 : 48
0 0 2 1 0 0 3 1 : 24
0 0 2 1 0 1 0 3 : 48
0 0 2 1 0 1 1 2 : 32
0 0 2 1 0 1 2 1 : 16
0 0 2 1 0 2 0 2 : 16
0 0 2 1 0 2 1 1 : 8
0 0 2 1 1 0 0 3 : 24
0 0 2 1 1 0 1 2 : 16
0 0 2 1 1 0 2 1 : 8
0 0 2 1 1 1 0 2 : 8
0 0 2 1 1 1 1 1 : 4
0 1 1 0 0 0 0 5 : 240
0 1 1 0 0 0 1 4 : 192
0 1 1 0 0 0 2 3 : 144
0 1 1 0 0 0 3 2 : 96
0 1 1 0 0 0 4 1 : 48
0 1 1 0 0 1 0 4 : 144
0 1 1 0 0 1 1 3 : 108
0 1 1 0 0 1 2 2 : 72
0 1 1 0 0 1 3 1 : 36
0 1 1 0 0 2 0 3 : 72
0 1 1 0 0 2 1 2 : 48
0 1 1 0 0 2 2 1 : 24
0 1 1 0 0 3 0 2 : 24
0 1 1 0 0 3 1 1 : 12
0 1 1 0 1 0 0 4 : 96
0 1 1 0 1 0 1 3 : 72
0 1 1 0 1 0 2 2 : 48
0 1 1 0 1 0 3 1 : 24
0 1 1 0 1 1 0 3 : 48
0 1 1 0 1 1 1 2 : 32
0 1 1 0 1 1 2 1 : 16
0 1 1 0 1 2 0 2 : 16
0 1 1 0 1 2 1 1 : 8
0 1 1 0 2 0 0 3 : 24
0 1 1 0 2 0 1 2 : 16
0 1 1 0 2 0 2 1 : 8
0 1 1 0 2 1 0 2 : 8
0 1 1 0 2 1 1 1 : 4
0 1 1 1 0 0 0 4 : 48
0 1 1 1 0 0 1 3 : 36
0 1 1 1 0 0 2 2 : 24
0 1 1 1 0 0 3 1 : 12
0 1 1 1 0 1 0 3 : 24
0 1 1 1 0 1 1 2 : 16
0 1 1 1 0 1 2 1 : 8
0 1 1 1 0 2 0 2 : 8
0 1 1 1 0 2 1 1 : 4
0 1 1 1 1 0 0 3 : 12
0 1 1 1 1 0 1 2 : 8
0 1 1 1 1 0 2 1 : 4
0 1 1 1 1 1 0 2 : 4
0 1 1 1 1 1 1 1 : 2
 4 5 6 7 8:
0 0 0 1 1 1 1 3 : 6
0 0 0 1 1 1 2 2 : 12
0 0 0 1 1 1 3 1 : 18
0 0 0 1 1 2 1 2 : 16
0 0 0 1 1 2 2 1 : 32
0 0 0 1 1 3 1 1 : 36
0 0 0 1 2 1 1 2 : 20
0 0 0 1 2 1 2 1 : 40
0 0 0 1 2 2 1 1 : 60
0 0 0 1 3 1 1 1 : 60
0 0 0 2 1 1 1 2 : 24
0 0 0 2 1 1 2 1 : 48
0 0 0 2 1 2 1 1 : 72
0 0 0 2 2 1 1 1 : 96
0 0 0 3 1 1 1 1 : 90
0 0 1 1 1 1 1 2 : 12
0 0 1 1 1 1 2 1 : 24
0 0 1 1 1 2 1 1 : 36
0 0 1 1 2 1 1 1 : 48
0 0 1 2 1 1 1 1 : 60
0 0 2 1 1 1 1 1 : 30
0 1 0 1 1 1 1 2 : 2
0 1 0 1 1 1 2 1 : 6
0 1 0 1 1 2 1 1 : 12
0 1 0 1 2 1 1 1 : 20
0 1 0 2 1 1 1 1 : 30
0 1 1 1 1 1 1 1 : 15
 4 5 6 8:
0 0 0 1 1 1 0 4 : 24
0 0 0 1 1 1 1 3 : 18
0 0 0 1 1 1 2 2 : 12
0 0 0 1 1 1 3 1 : 6
0 0 0 1 1 2 0 3 : 36
0 0 0 1 1 2 1 2 : 24
0 0 0 1 1 2 2 1 : 12
0 0 0 1 1 3 0 2 : 36
0 0 0 1 1 3 1 1 : 18
0 0 0 1 2 1 0 3 : 48
0 0 0 1 2 1 1 2 : 32
0 0 0 1 2 1 2 1 : 16
0 0 0 1 2 2 0 2 : 64
0 0 0 1 2 2 1 1 : 32
0 0 0 1 3 1 0 2 : 72
0 0 0 1 3 1 1 1 : 36
0 0 0 2 1 1 0 3 : 60
0 0 0 2 1 1 1 2 : 40
0 0 0 2 1 1 2 1 : 20
0 0 0 2 1 2 0 2 : 80
0 0 0 2 1 2 1 1 : 40
0 0 0 2 2 1 0 2 : 120
0 0 0 2 2 1 1 1 : 60
0 0 0 3 1 1 0 2 : 120
0 0 0 3 1 1 1 1 : 60
0 0 1 1 1 1 0 3 : 30
0 0 1 1 1 1 1 2 : 20
0 0 1 1 1 1 2 1 : 10
0 0 1 1 1 2 0 2 : 40
0 0 1 1 1 2 1 1 : 20
0 0 1 1 2 1 0 2 : 60
0 0 1 1 2 1 1 1 : 30
0 0 1 2 1 1 0 2 : 80
0 0 1 2 1 1 1 1 : 40
0 0 2 1 1 1 0 2 : 40
0 0 2 1 1 1 1 1 : 20
0 1 0 1 1 1 0 3 : 6
0 1 0 1 1 1 1 2 : 4
0 1 0 1 1 1 2 1 : 2
0 1 0 1 1 2 0 2 : 12
0 1 0 1 1 2 1 1 : 6
0 1 0 1 2 1 0 2 : 24
0 1 0 1 2 1 1 1 : 12
0 1 0 2 1 1 0 2 : 40
0 1 0 2 1 1 1 1 : 20
0 1 1 1 1 1 0 2 : 20
0 1 1 1 1 1 1 1 : 10
 4 5 7 8:
0 0 0 1 1 0 1 4 : 24
0 0 0 1 1 0 2 3 : 48
0 0 0 1 1 0 3 2 : 72
0 0 0 1 1 0 4 1 : 96
0 0 0 1 1 1 1 3 : 24
0 0 0 1 1 1 2 2 : 48
0 0 0 1 1 1 3 1 : 72
0 0 0 1 1 2 1 2 : 24
0 0 0 1 1 2 2 1 : 48
0 0 0 1 1 3 1 1 : 24
0 0 0 1 2 0 1 3 : 36
0 0 0 1 2 0 2 2 : 80
0 0 0 1 2 0 3 1 : 132
0 0 0 1 2 1 1 2 : 40
0 0 0 1 2 1 2 1 : 88
0 0 0 1 2 2 1 1 : 44
0 0 0 1 3 0 1 2 : 36
0 0 0 1 3 0 2 1 : 108
0 0 0 1 3 1 1 1 : 54
0 0 0 2 1 0 1 3 : 48
0 0 0 2 1 0 2 2 : 104
0 0 0 2 1 0 3 1 : 168
0 0 0 2 1 1 1 2 : 52
0 0 0 2 1 1 2 1 : 112
0 0 0 2 1 2 1 1 : 56
0 0 0 2 2 0 1 2 : 64
0 0 0 2 2 0 2 1 : 184
0 0 0 2 2 1 1 1 : 92
0 0 0 3 1 0 1 2 : 72
0 0 0 3 1 0 2 1 : 192
0 0 0 3 1 1 1 1 : 96
0 0 1 1 1 0 1 3 : 24
0 0 1 1 1 0 2 2 : 52
0 0 1 1 1 0 3 1 : 84
0 0 1 1 1 1 1 2 : 26
0 0 1 1 1 1 2 1 : 56
0 0 1 1 1 2 1 1 : 28
0 0 1 1 2 0 1 2 : 32
0 0 1 1 2 0 2 1 : 92
0 0 1 1 2 1 1 1 : 46
0 0 1 2 1 0 1 2 : 48
0 0 1 2 1 0 2 1 : 128
0 0 1 2 1 1 1 1 : 64
0 0 2 1 1 0 1 2 : 24
0 0 2 1 1 0 2 1 : 64
0 0 2 1 1 1 1 1 : 32
0 1 0 1 1 0 1 3 : 6
0 1 0 1 1 0 2 2 : 12
0 1 0 1 1 0 3 1 : 24
0 1 0 1 1 1 1 2 : 6
0 1 0 1 1 1 2 1 : 16
0 1 0 1 1 2 1 1 : 8
0 1 0 1 2 0 1 2 : 12
0 1 0 1 2 0 2 1 : 36
0 1 0 1 2 1 1 1 : 18
0 1 0 2 1 0 1 2 : 24
0 1 0 2 1 0 2 1 : 64
0 1 0 2 1 1 1 1 : 32
0 1 1 1 1 0 1 2 : 12
0 1 1 1 1 0 2 1 : 32
0 1 1 1 1 1 1 1 : 16
 4 5 8:
0 0 0 1 1 0 0 5 : 120
0 0 0 1 1 0 1 4 : 96
0 0 0 1 1 0 2 3 : 72
0 0 0 1 1 0 3 2 : 48
0 0 0 1 1 0 4 1 : 24
0 0 0 1 1 1 0 4 : 72
0 0 0 1 1 1 1 3 : 54
0 0 0 1 1 1 2 2 : 36
0 0 0 1 1 1 3 1 : 18
0 0 0 1 1 2 0 3 : 36
0 0 0 1 1 2 1 2 : 24
0 0 0 1 1 2 2 1 : 12
0 0 0 1 1 3 0 2 : 12
0 0 0 1 1 3 1 1 : 6
0 0 0 1 2 0 0 4 : 144
0 0 0 1 2 0 1 3 : 108
0 0 0 1 2 0 2 2 : 72
0 0 0 1 2 0 3 1 : 36
0 0 0 1 2 1 0 3 : 72
0 0 0 1 2 1 1 2 : 48
0 0 0 1 2 1 2 1 : 24
0 0 0 1 2 2 0 2 : 24
0 0 0 1 2 2 1 1 : 12
0 0 0 1 3 0 0 3 : 108
0 0 0 1 3 0 1 2 : 72
0 0 0 1 3 0 2 1 : 36
0 0 0 1 3 1 0 2 : 36
0 0 0 1 3 1 1 1 : 18
0 0 0 2 1 0 0 4 : 192
0 0 0 2 1 0 1 3 : 144
0 0 0 2 1 0 2 2 : 96
0 0 0 2 1 0 3 1 : 48
0 0 0 2 1 1 0 3 : 96
0 0 0 2 1 1 1 2 : 64
0 0 0 2 1 1 2 1 : 32
0 0 0 2 1 2 0 2 : 32
0 0 0 2 1 2 1 1 : 16
0 0 0 2 2 0 0 3 : 192
0 0 0 2 2 0 1 2 : 128
0 0 0 2 2 0 2 1 : 64
0 0 0 2 2 1 0 2 : 64
0 0 0 2 2 1 1 1 : 32
0 0 0 3 1 0 0 3 : 216
0 0 0 3 1 0 1 2 : 144
0 0 0 3 1 0 2 1 : 72
0 0 0 3 1 1 0 2 : 72
0 0 0 3 1 1 1 1 : 36
0 0 1 1 1 0 0 4 : 96
0 0 1 1 1 0 1 3 : 72
0 0 1 1 1 0 2 2 : 48
0 0 1 1 1 0 3 1 : 24
0 0 1 1 1 1 0 3 : 48
0 0 1 1 1 1 1 2 : 32
0 0 1 1 1 1 2 1 : 16
0 0 1 1 1 2 0 2 : 16
0 0 1 1 1 2 1 1 : 8
0 0 1 1 2 0 0 3 : 96
0 0 1 1 2 0 1 2 : 64
0 0 1 1 2 0 2 1 : 32
0 0 1 1 2 1 0 2 : 32
0 0 1 1 2 1 1 1 : 16
0 0 1 2 1 0 0 3 : 144
0 0 1 2 1 0 1 2 : 96
0 0 1 2 1 0 2 1 : 48
0 0 1 2 1 1 0 2 : 48
0 0 1 2 1 1 1 1 : 24
0 0 2 1 1 0 0 3 : 72
0 0 2 1 1 0 1 2 : 48
0 0 2 1 1 0 2 1 : 24
0 0 2 1 1 1 0 2 : 24
0 0 2 1 1 1 1 1 : 12
0 1 0 1 1 0 0 4 : 24
0 1 0 1 1 0 1 3 : 18
0 1 0 1 1 0 2 2 : 12
0 1 0 1 1 0 3 1 : 6
0 1 0 1 1 1 0 3 : 12
0 1 0 1 1 1 1 2 : 8
0 1 0 1 1 1 2 1 : 4
0 1 0 1 1 2 0 2 : 4
0 1 0 1 1 2 1 1 : 2
0 1 0 1 2 0 0 3 : 36
0 1 0 1 2 0 1 2 : 24
0 1 0 1 2 0 2 1 : 12
0 1 0 1 2 1 0 2 : 12
0 1 0 1 2 1 1 1 : 6
0 1 0 2 1 0 0 3 : 72
0 1 0 2 1 0 1 2 : 48
0 1 0 2 1 0 2 1 : 24
0 1 0 2 1 1 0 2 : 24
0 1 0 2 1 1 1 1 : 12
0 1 1 1 1 0 0 3 : 36
0 1 1 1 1 0 1 2 : 24
0 1 1 1 1 0 2 1 : 12
0 1 1 1 1 1 0 2 : 12
0 1 1 1 1 1 1 1 : 6
 4 6 7 8:
0 0 0 1 0 1 1 4 : 24
0 0 0 1 0 1 2 3 : 48
0 0 0 1 0 1 3 2 : 72
0 0 0 1 0 1 4 1 : 96
0 0 0 1 0 2 1 3 : 60
0 0 0 1 0 2 2 2 : 120
0 0 0 1 0 2 3 1 : 180
0 0 0 1 0 3 1 2 : 120
0 0 0 1 0 3 2 1 : 240
0 0 0 1 0 4 1 1 : 240
0 0 0 1 1 1 1 3 : 30
0 0 0 1 1 1 2 2 : 60
0 0 0 1 1 1 3 1 : 90
0 0 0 1 1 2 1 2 : 80
0 0 0 1 1 2 2 1 : 160
0 0 0 1 1 3 1 1 : 180
0 0 0 1 2 1 1 2 : 40
0 0 0 1 2 1 2 1 : 80
0 0 0 1 2 2 1 1 : 120
0 0 0 1 3 1 1 1 : 60
0 0 0 2 0 1 1 3 : 36
0 0 0 2 0 1 2 2 : 80
0 0 0 2 0 1 3 1 : 132
0 0 0 2 0 2 1 2 : 120
0 0 0 2 0 2 2 1 : 256
0 0 0 2 0 3 1 1 : 312
0 0 0 2 1 1 1 2 : 60
0 0 0 2 1 1 2 1 : 128
0 0 0 2 1 2 1 1 : 208
0 0 0 2 2 1 1 1 : 104
0 0 0 3 0 1 1 2 : 36
0 0 0 3 0 1 2 1 : 108
0 0 0 3 0 2 1 1 : 228
0 0 0 3 1 1 1 1 : 114
0 0 1 1 0 1 1 3 : 18
0 0 1 1 0 1 2 2 : 40
0 0 1 1 0 1 3 1 : 66
0 0 1 1 0 2 1 2 : 60
0 0 1 1 0 2 2 1 : 128
0 0 1 1 0 3 1 1 : 156
0 0 1 1 1 1 1 2 : 30
0 0 1 1 1 1 2 1 : 64
0 0 1 1 1 2 1 1 : 104
0 0 1 1 2 1 1 1 : 52
0 0 1 2 0 1 1 2 : 24
0 0 1 2 0 1 2 1 : 72
0 0 1 2 0 2 1 1 : 152
0 0 1 2 1 1 1 1 : 76
0 0 2 1 0 1 1 2 : 12
0 0 2 1 0 1 2 1 : 36
0 0 2 1 0 2 1 1 : 76
0 0 2 1 1 1 1 1 : 38
0 1 0 1 0 1 1 3 : 6
0 1 0 1 0 1 2 2 : 12
0 1 0 1 0 1 3 1 : 24
0 1 0 1 0 2 1 2 : 16
0 1 0 1 0 2 2 1 : 44
0 1 0 1 0 3 1 1 : 60
0 1 0 1 1 1 1 2 : 8
0 1 0 1 1 1 2 1 : 22
0 1 0 1 1 2 1 1 : 40
0 1 0 1 2 1 1 1 : 20
0 1 0 2 0 1 1 2 : 12
0 1 0 2 0 1 2 1 : 36
0 1 0 2 0 2 1 1 : 76
0 1 0 2 1 1 1 1 : 38
0 1 1 1 0 1 1 2 : 6
0 1 1 1 0 1 2 1 : 18
0 1 1 1 0 2 1 1 : 38
0 1 1 1 1 1 1 1 : 19
 4 6 8:
0 0 0 1 0 1 0 5 : 120
0 0 0 1 0 1 1 4 : 96
0 0 0 1 0 1 2 3 : 72
0 0 0 1 0 1 3 2 : 48
0 0 0 1 0 1 4 1 : 24
0 0 0 1 0 2 0 4 : 192
0 0 0 1 0 2 1 3 : 144
0 0 0 1 0 2 2 2 : 96
0 0 0 1 0 2 3 1 : 48
0 0 0 1 0 3 0 3 : 216
0 0 0 1 0 3 1 2 : 144
0 0 0 1 0 3 2 1 : 72
0 0 0 1 0 4 0 2 : 192
0 0 0 1 0 4 1 1 : 96
0 0 0 1 1 1 0 4 : 96
0 0 0 1 1 1 1 3 : 72
0 0 0 1 1 1 2 2 : 48
0 0 0 1 1 1 3 1 : 24
0 0 0 1 1 2 0 3 : 144
0 0 0 1 1 2 1 2 : 96
0 0 0 1 1 2 2 1 : 48
0 0 0 1 1 3 0 2 : 144
0 0 0 1 1 3 1 1 : 72
0 0 0 1 2 1 0 3 : 72
0 0 0 1 2 1 1 2 : 48
0 0 0 1 2 1 2 1 : 24
0 0 0 1 2 2 0 2 : 96
0 0 0 1 2 2 1 1 : 48
0 0 0 1 3 1 0 2 : 48
0 0 0 1 3 1 1 1 : 24
0 0 0 2 0 1 0 4 : 144
0 0 0 2 0 1 1 3 : 108
0 0 0 2 0 1 2 2 : 72
0 0 0 2 0 1 3 1 : 36
0 0 0 2 0 2 0 3 : 240
0 0 0 2 0 2 1 2 : 160
0 0 0 2 0 2 2 1 : 80
0 0 0 2 0 3 0 2 : 264
0 0 0 2 0 3 1 1 : 132
0 0 0 2 1 1 0 3 : 120
0 0 0 2 1 1 1 2 : 80
0 0 0 2 1 1 2 1 : 40
0 0 0 2 1 2 0 2 : 176
0 0 0 2 1 2 1 1 : 88
0 0 0 2 2 1 0 2 : 88
0 0 0 2 2 1 1 1 : 44
0 0 0 3 0 1 0 3 : 108
0 0 0 3 0 1 1 2 : 72
0 0 0 3 0 1 2 1 : 36
0 0 0 3 0 2 0 2 : 216
0 0 0 3 0 2 1 1 : 108
0 0 0 3 1 1 0 2 : 108
0 0 0 3 1 1 1 1 : 54
0 0 1 1 0 1 0 4 : 72
0 0 1 1 0 1 1 3 : 54
0 0 1 1 0 1 2 2 : 36
0 0 1 1 0 1 3 1 : 18
0 0 1 1 0 2 0 3 : 120
0 0 1 1 0 2 1 2 : 80
0 0 1 1 0 2 2 1 : 40
0 0 1 1 0 3 0 2 : 132
0 0 1 1 0 3 1 1 : 66
0 0 1 1 1 1 0 3 : 60
0 0 1 1 1 1 1 2 : 40
0 0 1 1 1 1 2 1 : 20
0 0 1 1 1 2 0 2 : 88
0 0 1 1 1 2 1 1 : 44
0 0 1 1 2 1 0 2 : 44
0 0 1 1 2 1 1 1 : 22
0 0 1 2 0 1 0 3 : 72
0 0 1 2 0 1 1 2 : 48
0 0 1 2 0 1 2 1 : 24
0 0 1 2 0 2 0 2 : 144
0 0 1 2 0 2 1 1 : 72
0 0 1 2 1 1 0 2 : 72
0 0 1 2 1 1 1 1 : 36
0 0 2 1 0 1 0 3 : 36
0 0 2 1 0 1 1 2 : 24
0 0 2 1 0 1 2 1 : 12
0 0 2 1 0 2 0 2 : 72
0 0 2 1 0 2 1 1 : 36
0 0 2 1 1 1 0 2 : 36
0 0 2 1 1 1 1 1 : 18
0 1 0 1 0 1 0 4 : 24
0 1 0 1 0 1 1 3 : 18
0 1 0 1 0 1 2 2 : 12
0 1 0 1 0 1 3 1 : 6
0 1 0 1 0 2 0 3 : 36
0 1 0 1 0 2 1 2 : 24
0 1 0 1 0 2 2 1 : 12
0 1 0 1 0 3 0 2 : 48
0 1 0 1 0 3 1 1 : 24
0 1 0 1 1 1 0 3 : 18
0 1 0 1 1 1 1 2 : 12
0 1 0 1 1 1 2 1 : 6
0 1 0 1 1 2 0 2 : 32
0 1 0 1 1 2 1 1 : 16
0 1 0 1 2 1 0 2 : 16
0 1 0 1 2 1 1 1 : 8
0 1 0 2 0 1 0 3 : 36
0 1 0 2 0 1 1 2 : 24
0 1 0 2 0 1 2 1 : 12
0 1 0 2 0 2 0 2 : 72
0 1 0 2 0 2 1 1 : 36
0 1 0 2 1 1 0 2 : 36
0 1 0 2 1 1 1 1 : 18
0 1 1 1 0 1 0 3 : 18
0 1 1 1 0 1 1 2 : 12
0 1 1 1 0 1 2 1 : 6
0 1 1 1 0 2 0 2 : 36
0 1 1 1 0 2 1 1 : 18
0 1 1 1 1 1 0 2 : 18
0 1 1 1 1 1 1 1 : 9
 4 7 8:
0 0 0 1 0 0 1 5 : 120
0 0 0 1 0 0 2 4 : 240
0 0 0 1 0 0 3 3 : 360
0 0 0 1 0 0 4 2 : 480
0 0 0 1 0 0 5 1 : 600
0 0 0 1 0 1 1 4 : 120
0 0 0 1 0 1 2 3 : 240
0 0 0 1 0 1 3 2 : 360
0 0 0 1 0 1 4 1 : 480
0 0 0 1 0 2 1 3 : 120
0 0 0 1 0 2 2 2 : 240
0 0 0 1 0 2 3 1 : 360
0 0 0 1 0 3 1 2 : 120
0 0 0 1 0 3 2 1 : 240
0 0 0 1 0 4 1 1 : 120
0 0 0 1 1 0 1 4 : 72
0 0 0 1 1 0 2 3 : 156
0 0 0 1 1 0 3 2 : 252
0 0 0 1 1 0 4 1 : 360
0 0 0 1 1 1 1 3 : 78
0 0 0 1 1 1 2 2 : 168
0 0 0 1 1 1 3 1 : 270
0 0 0 1 1 2 1 2 : 84
0 0 0 1 1 2 2 1 : 180
0 0 0 1 1 3 1 1 : 90
0 0 0 1 2 0 1 3 : 36
0 0 0 1 2 0 2 2 : 96
0 0 0 1 2 0 3 1 : 180
0 0 0 1 2 1 1 2 : 48
0 0 0 1 2 1 2 1 : 120
0 0 0 1 2 2 1 1 : 60
0 0 0 1 3 0 1 2 : 12
0 0 0 1 3 0 2 1 : 60
0 0 0 1 3 1 1 1 : 30
0 0 0 2 0 0 1 4 : 144
0 0 0 2 0 0 2 3 : 288
0 0 0 2 0 0 3 2 : 456
0 0 0 2 0 0 4 1 : 672
0 0 0 2 0 1 1 3 : 144
0 0 0 2 0 1 2 2 : 304
0 0 0 2 0 1 3 1 : 504
0 0 0 2 0 2 1 2 : 152
0 0 0 2 0 2 2 1 : 336
0 0 0 2 0 3 1 1 : 168
0 0 0 2 1 0 1 3 : 72
0 0 0 2 1 0 2 2 : 176
0 0 0 2 1 0 3 1 : 336
0 0 0 2 1 1 1 2 : 88
0 0 0 2 1 1 2 1 : 224
0 0 0 2 1 2 1 1 : 112
0 0 0 2 2 0 1 2 : 24
0 0 0 2 2 0 2 1 : 112
0 0 0 2 2 1 1 1 : 56
0 0 0 3 0 0 1 3 : 108
0 0 0 3 0 0 2 2 : 216
0 0 0 3 0 0 3 1 : 432
0 0 0 3 0 1 1 2 : 108
0 0 0 3 0 1 2 1 : 288
0 0 0 3 0 2 1 1 : 144
0 0 0 3 1 0 1 2 : 36
0 0 0 3 1 0 2 1 : 144
0 0 0 3 1 1 1 1 : 72
0 0 1 1 0 0 1 4 : 72
0 0 1 1 0 0 2 3 : 144
0 0 1 1 0 0 3 2 : 228
0 0 1 1 0 0 4 1 : 336
0 0 1 1 0 1 1 3 : 72
0 0 1 1 0 1 2 2 : 152
0 0 1 1 0 1 3 1 : 252
0 0 1 1 0 2 1 2 : 76
0 0 1 1 0 2 2 1 : 168
0 0 1 1 0 3 1 1 : 84
0 0 1 1 1 0 1 3 : 36
0 0 1 1 1 0 2 2 : 88
0 0 1 1 1 0 3 1 : 168
0 0 1 1 1 1 1 2 : 44
0 0 1 1 1 1 2 1 : 112
0 0 1 1 1 2 1 1 : 56
0 0 1 1 2 0 1 2 : 12
0 0 1 1 2 0 2 1 : 56
0 0 1 1 2 1 1 1 : 28
0 0 1 2 0 0 1 3 : 72
0 0 1 2 0 0 2 2 : 144
0 0 1 2 0 0 3 1 : 288
0 0 1 2 0 1 1 2 : 72
0 0 1 2 0 1 2 1 : 192
0 0 1 2 0 2 1 1 : 96
0 0 1 2 1 0 1 2 : 24
0 0 1 2 1 0 2 1 : 96
0 0 1 2 1 1 1 1 : 48
0 0 2 1 0 0 1 3 : 36
0 0 2 1 0 0 2 2 : 72
0 0 2 1 0 0 3 1 : 144
0 0 2 1 0 1 1 2 : 36
0 0 2 1 0 1 2 1 : 96
0 0 2 1 0 2 1 1 : 48
0 0 2 1 1 0 1 2 : 12
0 0 2 1 1 0 2 1 : 48
0 0 2 1 1 1 1 1 : 24
0 1 0 1 0 0 1 4 : 24
0 1 0 1 0 0 2 3 : 48
0 1 0 1 0 0 3 2 : 72
0 1 0 1 0 0 4 1 : 120
0 1 0 1 0 1 1 3 : 24
0 1 0 1 0 1 2 2 : 48
0 1 0 1 0 1 3 1 : 90
0 1 0 1 0 2 1 2 : 24
0 1 0 1 0 2 2 1 : 60
0 1 0 1 0 3 1 1 : 30
0 1 0 1 1 0 1 3 : 12
0 1 0 1 1 0 2 2 : 28
0 1 0 1 1 0 3 1 : 60
0 1 0 1 1 1 1 2 : 14
0 1 0 1 1 1 2 1 : 40
0 1 0 1 1 2 1 1 : 20
0 1 0 1 2 0 1 2 : 4
0 1 0 1 2 0 2 1 : 20
0 1 0 1 2 1 1 1 : 10
0 1 0 2 0 0 1 3 : 36
0 1 0 2 0 0 2 2 : 72
0 1 0 2 0 0 3 1 : 144
0 1 0 2 0 1 1 2 : 36
0 1 0 2 0 1 2 1 : 96
0 1 0 2 0 2 1 1 : 48
0 1 0 2 1 0 1 2 : 12
0 1 0 2 1 0 2 1 : 48
0 1 0 2 1 1 1 1 : 24
0 1 1 1 0 0 1 3 : 18
0 1 1 1 0 0 2 2 : 36
0 1 1 1 0 0 3 1 : 72
0 1 1 1 0 1 1 2 : 18
0 1 1 1 0 1 2 1 : 48
0 1 1 1 0 2 1 1 : 24
0 1 1 1 1 0 1 2 : 6
0 1 1 1 1 0 2 1 : 24
0 1 1 1 1 1 1 1 : 12
 4 8:
0 0 0 1 0 0 0 6 : 720
0 0 0 1 0 0 1 5 : 600
0 0 0 1 0 0 2 4 : 480
0 0 0 1 0 0 3 3 : 360
0 0 0 1 0 0 4 2 : 240
0 0 0 1 0 0 5 1 : 120
0 0 0 1 0 1 0 5 : 480
0 0 0 1 0 1 1 4 : 384
0 0 0 1 0 1 2 3 : 288
0 0 0 1 0 1 3 2 : 192
0 0 0 1 0 1 4 1 : 96
0 0 0 1 0 2 0 4 : 288
0 0 0 1 0 2 1 3 : 216
0 0 0 1 0 2 2 2 : 144
0 0 0 1 0 2 3 1 : 72
0 0 0 1 0 3 0 3 : 144
0 0 0 1 0 3 1 2 : 96
0 0 0 1 0 3 2 1 : 48
0 0 0 1 0 4 0 2 : 48
0 0 0 1 0 4 1 1 : 24
0 0 0 1 1 0 0 5 : 360
0 0 0 1 1 0 1 4 : 288
0 0 0 1 1 0 2 3 : 216
0 0 0 1 1 0 3 2 : 144
0 0 0 1 1 0 4 1 : 72
0 0 0 1 1 1 0 4 : 216
0 0 0 1 1 1 1 3 : 162
0 0 0 1 1 1 2 2 : 108
0 0 0 1 1 1 3 1 : 54
0 0 0 1 1 2 0 3 : 108
0 0 0 1 1 2 1 2 : 72
0 0 0 1 1 2 2 1 : 36
0 0 0 1 1 3 0 2 : 36
0 0 0 1 1 3 1 1 : 18
0 0 0 1 2 0 0 4 : 144
0 0 0 1 2 0 1 3 : 108
0 0 0 1 2 0 2 2 : 72
0 0 0 1 2 0 3 1 : 36
0 0 0 1 2 1 0 3 : 72
0 0 0 1 2 1 1 2 : 48
0 0 0 1 2 1 2 1 : 24
0 0 0 1 2 2 0 2 : 24
0 0 0 1 2 2 1 1 : 12
0 0 0 1 3 0 0 3 : 36
0 0 0 1 3 0 1 2 : 24
0 0 0 1 3 0 2 1 : 12
0 0 0 1 3 1 0 2 : 12
0 0 0 1 3 1 1 1 : 6
0 0 0 2 0 0 0 5 : 720
0 0 0 2 0 0 1 4 : 576
0 0 0 2 0 0 2 3 : 432
0 0 0 2 0 0 3 2 : 288
0 0 0 2 0 0 4 1 : 144
0 0 0 2 0 1 0 4 : 432
0 0 0 2 0 1 1 3 : 324
0 0 0 2 0 1 2 2 : 216
0 0 0 2 0 1 3 1 : 108
0 0 0 2 0 2 0 3 : 216
0 0 0 2 0 2 1 2 : 144
0 0 0 2 0 2 2 1 : 72
0 0 0 2 0 3 0 2 : 72
0 0 0 2 0 3 1 1 : 36
0 0 0 2 1 0 0 4 : 288
0 0 0 2 1 0 1 3 : 216
0 0 0 2 1 0 2 2 : 144
0 0 0 2 1 0 3 1 : 72
0 0 0 2 1 1 0 3 : 144
0 0 0 2 1 1 1 2 : 96
0 0 0 2 1 1 2 1 : 48
0 0 0 2 1 2 0 2 : 48
0 0 0 2 1 2 1 1 : 24
0 0 0 2 2 0 0 3 : 72
0 0 0 2 2 0 1 2 : 48
0 0 0 2 2 0 2 1 : 24
0 0 0 2 2 1 0 2 : 24
0 0 0 2 2 1 1 1 : 12
0 0 0 3 0 0 0 4 : 432
0 0 0 3 0 0 1 3 : 324
0 0 0 3 0 0 2 2 : 216
0 0 0 3 0 0 3 1 : 108
0 0 0 3 0 1 0 3 : 216
0 0 0 3 0 1 1 2 : 144
0 0 0 3 0 1 2 1 : 72
0 0 0 3 0 2 0 2 : 72
0 0 0 3 0 2 1 1 : 36
0 0 0 3 1 0 0 3 : 108
0 0 0 3 1 0 1 2 : 72
0 0 0 3 1 0 2 1 : 36
0 0 0 3 1 1 0 2 : 36
0 0 0 3 1 1 1 1 : 18
0 0 1 1 0 0 0 5 : 360
0 0 1 1 0 0 1 4 : 288
0 0 1 1 0 0 2 3 : 216
0 0 1 1 0 0 3 2 : 144
0 0 1 1 0 0 4 1 : 72
0 0 1 1 0 1 0 4 : 216
0 0 1 1 0 1 1 3 : 162
0 0 1 1 0 1 2 2 : 108
0 0 1 1 0 1 3 1 : 54
0 0 1 1 0 2 0 3 : 108
0 0 1 1 0 2 1 2 : 72
0 0 1 1 0 2 2 1 : 36
0 0 1 1 0 3 0 2 : 36
0 0 1 1 0 3 1 1 : 18
0 0 1 1 1 0 0 4 : 144
0 0 1 1 1 0 1 3 : 108
0 0 1 1 1 0 2 2 : 72
0 0 1 1 1 0 3 1 : 36
0 0 1 1 1 1 0 3 : 72
0 0 1 1 1 1 1 2 : 48
0 0 1 1 1 1 2 1 : 24
0 0 1 1 1 2 0 2 : 24
0 0 1 1 1 2 1 1 : 12
0 0 1 1 2 0 0 3 : 36
0 0 1 1 2 0 1 2 : 24
0 0 1 1 2 0 2 1 : 12
0 0 1 1 2 1 0 2 : 12
0 0 1 1 2 1 1 1 : 6
0 0 1 2 0 0 0 4 : 288
0 0 1 2 0 0 1 3 : 216
0 0 1 2 0 0 2 2 : 144
0 0 1 2 0 0 3 1 : 72
0 0 1 2 0 1 0 3 : 144
0 0 1 2 0 1 1 2 : 96
0 0 1 2 0 1 2 1 : 48
0 0 1 2 0 2 0 2 : 48
0 0 1 2 0 2 1 1 : 24
0 0 1 2 1 0 0 3 : 72
0 0 1 2 1 0 1 2 : 48
0 0 1 2 1 0 2 1 : 24
0 0 1 2 1 1 0 2 : 24
0 0 1 2 1 1 1 1 : 12
0 0 2 1 0 0 0 4 : 144
0 0 2 1 0 0 1 3 : 108
0 0 2 1 0 0 2 2 : 72
0 0 2 1 0 0 3 1 : 36
0 0 2 1 0 1 0 3 : 72
0 0 2 1 0 1 1 2 : 48
0 0 2 1 0 1 2 1 : 24
0 0 2 1 0 2 0 2 : 24
0 0 2 1 0 2 1 1 : 12
0 0 2 1 1 0 0 3 : 36
0 0 2 1 1 0 1 2 : 24
0 0 2 1 1 0 2 1 : 12
0 0 2 1 1 1 0 2 : 12
0 0 2 1 1 1 1 1 : 6
0 1 0 1 0 0 0 5 : 120
0 1 0 1 0 0 1 4 : 96
0 1 0 1 0 0 2 3 : 72
0 1 0 1 0 0 3 2 : 48
0 1 0 1 0 0 4 1 : 24
0 1 0 1 0 1 0 4 : 72
0 1 0 1 0 1 1 3 : 54
0 1 0 1 0 1 2 2 : 36
0 1 0 1 0 1 3 1 : 18
0 1 0 1 0 2 0 3 : 36
0 1 0 1 0 2 1 2 : 24
0 1 0 1 0 2 2 1 : 12
0 1 0 1 0 3 0 2 : 12
0 1 0 1 0 3 1 1 : 6
0 1 0 1 1 0 0 4 : 48
0 1 0 1 1 0 1 3 : 36
0 1 0 1 1 0 2 2 : 24
0 1 0 1 1 0 3 1 : 12
0 1 0 1 1 1 0 3 : 24
0 1 0 1 1 1 1 2 : 16
0 1 0 1 1 1 2 1 : 8
0 1 0 1 1 2 0 2 : 8
0 1 0 1 1 2 1 1 : 4
0 1 0 1 2 0 0 3 : 12
0 1 0 1 2 0 1 2 : 8
0 1 0 1 2 0 2 1 : 4
0 1 0 1 2 1 0 2 : 4
0 1 0 1 2 1 1 1 : 2
0 1 0 2 0 0 0 4 : 144
0 1 0 2 0 0 1 3 : 108
0 1 0 2 0 0 2 2 : 72
0 1 0 2 0 0 3 1 : 36
0 1 0 2 0 1 0 3 : 72
0 1 0 2 0 1 1 2 : 48
0 1 0 2 0 1 2 1 : 24
0 1 0 2 0 2 0 2 : 24
0 1 0 2 0 2 1 1 : 12
0 1 0 2 1 0 0 3 : 36
0 1 0 2 1 0 1 2 : 24
0 1 0 2 1 0 2 1 : 12
0 1 0 2 1 1 0 2 : 12
0 1 0 2 1 1 1 1 : 6
0 1 1 1 0 0 0 4 : 72
0 1 1 1 0 0 1 3 : 54
0 1 1 1 0 0 2 2 : 36
0 1 1 1 0 0 3 1 : 18
0 1 1 1 0 1 0 3 : 36
0 1 1 1 0 1 1 2 : 24
0 1 1 1 0 1 2 1 : 12
0 1 1 1 0 2 0 2 : 12
0 1 1 1 0 2 1 1 : 6
0 1 1 1 1 0 0 3 : 18
0 1 1 1 1 0 1 2 : 12
0 1 1 1 1 0 2 1 : 6
0 1 1 1 1 1 0 2 : 6
0 1 1 1 1 1 1 1 : 3
 5 6 7 8:
0 0 0 0 1 1 1 4 : 24
0 0 0 0 1 1 2 3 : 48
0 0 0 0 1 1 3 2 : 72
0 0 0 0 1 1 4 1 : 96
0 0 0 0 1 2 1 3 : 60
0 0 0 0 1 2 2 2 : 120
0 0 0 0 1 2 3 1 : 180
0 0 0 0 1 3 1 2 : 120
0 0 0 0 1 3 2 1 : 240
0 0 0 0 1 4 1 1 : 240
0 0 0 0 2 1 1 3 : 72
0 0 0 0 2 1 2 2 : 144
0 0 0 0 2 1 3 1 : 216
0 0 0 0 2 2 1 2 : 192
0 0 0 0 2 2 2 1 : 384
0 0 0 0 2 3 1 1 : 432
0 0 0 0 3 1 1 2 : 180
0 0 0 0 3 1 2 1 : 360
0 0 0 0 3 2 1 1 : 540
0 0 0 0 4 1 1 1 : 480
0 0 0 1 1 1 1 3 : 36
0 0 0 1 1 1 2 2 : 72
0 0 0 1 1 1 3 1 : 108
0 0 0 1 1 2 1 2 : 96
0 0 0 1 1 2 2 1 : 192
0 0 0 1 1 3 1 1 : 216
0 0 0 1 2 1 1 2 : 120
0 0 0 1 2 1 2 1 : 240
0 0 0 1 2 2 1 1 : 360
0 0 0 1 3 1 1 1 : 360
0 0 0 2 1 1 1 2 : 60
0 0 0 2 1 1 2 1 : 120
0 0 0 2 1 2 1 1 : 180
0 0 0 2 2 1 1 1 : 240
0 0 0 3 1 1 1 1 : 120
0 0 1 0 1 1 1 3 : 12
0 0 1 0 1 1 2 2 : 28
0 0 1 0 1 1 3 1 : 48
0 0 1 0 1 2 1 2 : 44
0 0 1 0 1 2 2 1 : 96
0 0 1 0 1 3 1 1 : 120
0 0 1 0 2 1 1 2 : 64
0 0 1 0 2 1 2 1 : 136
0 0 1 0 2 2 1 1 : 220
0 0 1 0 3 1 1 1 : 240
0 0 1 1 1 1 1 2 : 32
0 0 1 1 1 1 2 1 : 68
0 0 1 1 1 2 1 1 : 110
0 0 1 1 2 1 1 1 : 160
0 0 1 2 1 1 1 1 : 80
0 0 2 0 1 1 1 2 : 4
0 0 2 0 1 1 2 1 : 16
0 0 2 0 1 2 1 1 : 40
0 0 2 0 2 1 1 1 : 80
0 0 2 1 1 1 1 1 : 40
0 1 0 0 1 1 1 3 : 6
0 1 0 0 1 1 2 2 : 12
0 1 0 0 1 1 3 1 : 24
0 1 0 0 1 2 1 2 : 16
0 1 0 0 1 2 2 1 : 44
0 1 0 0 1 3 1 1 : 60
0 1 0 0 2 1 1 2 : 20
0 1 0 0 2 1 2 1 : 56
0 1 0 0 2 2 1 1 : 104
0 1 0 0 3 1 1 1 : 120
0 1 0 1 1 1 1 2 : 10
0 1 0 1 1 1 2 1 : 28
0 1 0 1 1 2 1 1 : 52
0 1 0 1 2 1 1 1 : 80
0 1 0 2 1 1 1 1 : 40
0 1 1 0 1 1 1 2 : 2
0 1 1 0 1 1 2 1 : 8
0 1 1 0 1 2 1 1 : 20
0 1 1 0 2 1 1 1 : 40
0 1 1 1 1 1 1 1 : 20
 5 6 8:
0 0 0 0 1 1 0 5 : 120
0 0 0 0 1 1 1 4 : 96
0 0 0 0 1 1 2 3 : 72
0 0 0 0 1 1 3 2 : 48
0 0 0 0 1 1 4 1 : 24
0 0 0 0 1 2 0 4 : 192
0 0 0 0 1 2 1 3 : 144
0 0 0 0 1 2 2 2 : 96
0 0 0 0 1 2 3 1 : 48
0 0 0 0 1 3 0 3 : 216
0 0 0 0 1 3 1 2 : 144
0 0 0 0 1 3 2 1 : 72
0 0 0 0 1 4 0 2 : 192
0 0 0 0 1 4 1 1 : 96
0 0 0 0 2 1 0 4 : 240
0 0 0 0 2 1 1 3 : 180
0 0 0 0 2 1 2 2 : 120
0 0 0 0 2 1 3 1 : 60
0 0 0 0 2 2 0 3 : 360
0 0 0 0 2 2 1 2 : 240
0 0 0 0 2 2 2 1 : 120
0 0 0 0 2 3 0 2 : 360
0 0 0 0 2 3 1 1 : 180
0 0 0 0 3 1 0 3 : 360
0 0 0 0 3 1 1 2 : 240
0 0 0 0 3 1 2 1 : 120
0 0 0 0 3 2 0 2 : 480
0 0 0 0 3 2 1 1 : 240
0 0 0 0 4 1 0 2 : 480
0 0 0 0 4 1 1 1 : 240
0 0 0 1 1 1 0 4 : 120
0 0 0 1 1 1 1 3 : 90
0 0 0 1 1 1 2 2 : 60
0 0 0 1 1 1 3 1 : 30
0 0 0 1 1 2 0 3 : 180
0 0 0 1 1 2 1 2 : 120
0 0 0 1 1 2 2 1 : 60
0 0 0 1 1 3 0 2 : 180
0 0 0 1 1 3 1 1 : 90
0 0 0 1 2 1 0 3 : 240
0 0 0 1 2 1 1 2 : 160
0 0 0 1 2 1 2 1 : 80
0 0 0 1 2 2 0 2 : 320
0 0 0 1 2 2 1 1 : 160
0 0 0 1 3 1 0 2 : 360
0 0 0 1 3 1 1 1 : 180
0 0 0 2 1 1 0 3 : 120
0 0 0 2 1 1 1 2 : 80
0 0 0 2 1 1 2 1 : 40
0 0 0 2 1 2 0 2 : 160
0 0 0 2 1 2 1 1 : 80
0 0 0 2 2 1 0 2 : 240
0 0 0 2 2 1 1 1 : 120
0 0 0 3 1 1 0 2 : 120
0 0 0 3 1 1 1 1 : 60
0 0 1 0 1 1 0 4 : 48
0 0 1 0 1 1 1 3 : 36
0 0 1 0 1 1 2 2 : 24
0 0 1 0 1 1 3 1 : 12
0 0 1 0 1 2 0 3 : 84
0 0 1 0 1 2 1 2 : 56
0 0 1 0 1 2 2 1 : 28
0 0 1 0 1 3 0 2 : 96
0 0 1 0 1 3 1 1 : 48
0 0 1 0 2 1 0 3 : 132
0 0 1 0 2 1 1 2 : 88
0 0 1 0 2 1 2 1 : 44
0 0 1 0 2 2 0 2 : 192
0 0 1 0 2 2 1 1 : 96
0 0 1 0 3 1 0 2 : 240
0 0 1 0 3 1 1 1 : 120
0 0 1 1 1 1 0 3 : 66
0 0 1 1 1 1 1 2 : 44
0 0 1 1 1 1 2 1 : 22
0 0 1 1 1 2 0 2 : 96
0 0 1 1 1 2 1 1 : 48
0 0 1 1 2 1 0 2 : 160
0 0 1 1 2 1 1 1 : 80
0 0 1 2 1 1 0 2 : 80
0 0 1 2 1 1 1 1 : 40
0 0 2 0 1 1 0 3 : 12
0 0 2 0 1 1 1 2 : 8
0 0 2 0 1 1 2 1 : 4
0 0 2 0 1 2 0 2 : 32
0 0 2 0 1 2 1 1 : 16
0 0 2 0 2 1 0 2 : 80
0 0 2 0 2 1 1 1 : 40
0 0 2 1 1 1 0 2 : 40
0 0 2 1 1 1 1 1 : 20
0 1 0 0 1 1 0 4 : 24
0 1 0 0 1 1 1 3 : 18
0 1 0 0 1 1 2 2 : 12
0 1 0 0 1 1 3 1 : 6
0 1 0 0 1 2 0 3 : 36
0 1 0 0 1 2 1 2 : 24
0 1 0 0 1 2 2 1 : 12
0 1 0 0 1 3 0 2 : 48
0 1 0 0 1 3 1 1 : 24
0 1 0 0 2 1 0 3 : 48
0 1 0 0 2 1 1 2 : 32
0 1 0 0 2 1 2 1 : 16
0 1 0 0 2 2 0 2 : 88
0 1 0 0 2 2 1 1 : 44
0 1 0 0 3 1 0 2 : 120
0 1 0 0 3 1 1 1 : 60
0 1 0 1 1 1 0 3 : 24
0 1 0 1 1 1 1 2 : 16
0 1 0 1 1 1 2 1 : 8
0 1 0 1 1 2 0 2 : 44
0 1 0 1 1 2 1 1 : 22
0 1 0 1 2 1 0 2 : 80
0 1 0 1 2 1 1 1 : 40
0 1 0 2 1 1 0 2 : 40
0 1 0 2 1 1 1 1 : 20
0 1 1 0 1 1 0 3 : 6
0 1 1 0 1 1 1 2 : 4
0 1 1 0 1 1 2 1 : 2
0 1 1 0 1 2 0 2 : 16
0 1 1 0 1 2 1 1 : 8
0 1 1 0 2 1 0 2 : 40
0 1 1 0 2 1 1 1 : 20
0 1 1 1 1 1 0 2 : 20
0 1 1 1 1 1 1 1 : 10
 5 7 8:
0 0 0 0 1 0 1 5 : 120
0 0 0 0 1 0 2 4 : 240
0 0 0 0 1 0 3 3 : 360
0 0 0 0 1 0 4 2 : 480
0 0 0 0 1 0 5 1 : 600
0 0 0 0 1 1 1 4 : 120
0 0 0 0 1 1 2 3 : 240
0 0 0 0 1 1 3 2 : 360
0 0 0 0 1 1 4 1 : 480
0 0 0 0 1 2 1 3 : 120
0 0 0 0 1 2 2 2 : 240
0 0 0 0 1 2 3 1 : 360
0 0 0 0 1 3 1 2 : 120
0 0 0 0 1 3 2 1 : 240
0 0 0 0 1 4 1 1 : 120
0 0 0 0 2 0 1 4 : 192
0 0 0 0 2 0 2 3 : 408
0 0 0 0 2 0 3 2 : 648
0 0 0 0 2 0 4 1 : 912
0 0 0 0 2 1 1 3 : 204
0 0 0 0 2 1 2 2 : 432
0 0 0 0 2 1 3 1 : 684
0 0 0 0 2 2 1 2 : 216
0 0 0 0 2 2 2 1 : 456
0 0 0 0 2 3 1 1 : 228
0 0 0 0 3 0 1 3 : 216
0 0 0 0 3 0 2 2 : 528
0 0 0 0 3 0 3 1 : 936
0 0 0 0 3 1 1 2 : 264
0 0 0 0 3 1 2 1 : 624
0 0 0 0 3 2 1 1 : 312
0 0 0 0 4 0 1 2 : 192
0 0 0 0 4 0 2 1 : 672
0 0 0 0 4 1 1 1 : 336
0 0 0 1 1 0 1 4 : 96
0 0 0 1 1 0 2 3 : 204
0 0 0 1 1 0 3 2 : 324
0 0 0 1 1 0 4 1 : 456
0 0 0 1 1 1 1 3 : 102
0 0 0 1 1 1 2 2 : 216
0 0 0 1 1 1 3 1 : 342
0 0 0 1 1 2 1 2 : 108
0 0 0 1 1 2 2 1 : 228
0 0 0 1 1 3 1 1 : 114
0 0 0 1 2 0 1 3 : 144
0 0 0 1 2 0 2 2 : 352
0 0 0 1 2 0 3 1 : 624
0 0 0 1 2 1 1 2 : 176
0 0 0 1 2 1 2 1 : 416
0 0 0 1 2 2 1 1 : 208
0 0 0 1 3 0 1 2 : 144
0 0 0 1 3 0 2 1 : 504
0 0 0 1 3 1 1 1 : 252
0 0 0 2 1 0 1 3 : 72
0 0 0 2 1 0 2 2 : 176
0 0 0 2 1 0 3 1 : 312
0 0 0 2 1 1 1 2 : 88
0 0 0 2 1 1 2 1 : 208
0 0 0 2 1 2 1 1 : 104
0 0 0 2 2 0 1 2 : 96
0 0 0 2 2 0 2 1 : 336
0 0 0 2 2 1 1 1 : 168
0 0 0 3 1 0 1 2 : 48
0 0 0 3 1 0 2 1 : 168
0 0 0 3 1 1 1 1 : 84
0 0 1 0 1 0 1 4 : 48
0 0 1 0 1 0 2 3 : 96
0 0 1 0 1 0 3 2 : 156
0 0 1 0 1 0 4 1 : 240
0 0 1 0 1 1 1 3 : 48
0 0 1 0 1 1 2 2 : 104
0 0 1 0 1 1 3 1 : 180
0 0 1 0 1 2 1 2 : 52
0 0 1 0 1 2 2 1 : 120
0 0 1 0 1 3 1 1 : 60
0 0 1 0 2 0 1 3 : 84
0 0 1 0 2 0 2 2 : 200
0 0 1 0 2 0 3 1 : 372
0 0 1 0 2 1 1 2 : 100
0 0 1 0 2 1 2 1 : 248
0 0 1 0 2 2 1 1 : 124
0 0 1 0 3 0 1 2 : 96
0 0 1 0 3 0 2 1 : 336
0 0 1 0 3 1 1 1 : 168
0 0 1 1 1 0 1 3 : 42
0 0 1 1 1 0 2 2 : 100
0 0 1 1 1 0 3 1 : 186
0 0 1 1 1 1 1 2 : 50
0 0 1 1 1 1 2 1 : 124
0 0 1 1 1 2 1 1 : 62
0 0 1 1 2 0 1 2 : 64
0 0 1 1 2 0 2 1 : 224
0 0 1 1 2 1 1 1 : 112
0 0 1 2 1 0 1 2 : 32
0 0 1 2 1 0 2 1 : 112
0 0 1 2 1 1 1 1 : 56
0 0 2 0 1 0 1 3 : 12
0 0 2 0 1 0 2 2 : 24
0 0 2 0 1 0 3 1 : 60
0 0 2 0 1 1 1 2 : 12
0 0 2 0 1 1 2 1 : 40
0 0 2 0 1 2 1 1 : 20
0 0 2 0 2 0 1 2 : 32
0 0 2 0 2 0 2 1 : 112
0 0 2 0 2 1 1 1 : 56
0 0 2 1 1 0 1 2 : 16
0 0 2 1 1 0 2 1 : 56
0 0 2 1 1 1 1 1 : 28
0 1 0 0 1 0 1 4 : 24
0 1 0 0 1 0 2 3 : 48
0 1 0 0 1 0 3 2 : 72
0 1 0 0 1 0 4 1 : 120
0 1 0 0 1 1 1 3 : 24
0 1 0 0 1 1 2 2 : 48
0 1 0 0 1 1 3 1 : 90
0 1 0 0 1 2 1 2 : 24
0 1 0 0 1 2 2 1 : 60
0 1 0 0 1 3 1 1 : 30
0 1 0 0 2 0 1 3 : 36
0 1 0 0 2 0 2 2 : 80
0 1 0 0 2 0 3 1 : 168
0 1 0 0 2 1 1 2 : 40
0 1 0 0 2 1 2 1 : 112
0 1 0 0 2 2 1 1 : 56
0 1 0 0 3 0 1 2 : 48
0 1 0 0 3 0 2 1 : 168
0 1 0 0 3 1 1 1 : 84
0 1 0 1 1 0 1 3 : 18
0 1 0 1 1 0 2 2 : 40
0 1 0 1 1 0 3 1 : 84
0 1 0 1 1 1 1 2 : 20
0 1 0 1 1 1 2 1 : 56
0 1 0 1 1 2 1 1 : 28
0 1 0 1 2 0 1 2 : 32
0 1 0 1 2 0 2 1 : 112
0 1 0 1 2 1 1 1 : 56
0 1 0 2 1 0 1 2 : 16
0 1 0 2 1 0 2 1 : 56
0 1 0 2 1 1 1 1 : 28
0 1 1 0 1 0 1 3 : 6
0 1 1 0 1 0 2 2 : 12
0 1 1 0 1 0 3 1 : 30
0 1 1 0 1 1 1 2 : 6
0 1 1 0 1 1 2 1 : 20
0 1 1 0 1 2 1 1 : 10
0 1 1 0 2 0 1 2 : 16
0 1 1 0 2 0 2 1 : 56
0 1 1 0 2 1 1 1 : 28
0 1 1 1 1 0 1 2 : 8
0 1 1 1 1 0 2 1 : 28
0 1 1 1 1 1 1 1 : 14
 5 8:
0 0 0 0 1 0 0 6 : 720
0 0 0 0 1 0 1 5 : 600
0 0 0 0 1 0 2 4 : 480
0 0 0 0 1 0 3 3 : 360
0 0 0 0 1 0 4 2 : 240
0 0 0 0 1 0 5 1 : 120
0 0 0 0 1 1 0 5 : 480
0 0 0 0 1 1 1 4 : 384
0 0 0 0 1 1 2 3 : 288
0 0 0 0 1 1 3 2 : 192
0 0 0 0 1 1 4 1 : 96
0 0 0 0 1 2 0 4 : 288
0 0 0 0 1 2 1 3 : 216
0 0 0 0 1 2 2 2 : 144
0 0 0 0 1 2 3 1 : 72
0 0 0 0 1 3 0 3 : 144
0 0 0 0 1 3 1 2 : 96
0 0 0 0 1 3 2 1 : 48
0 0 0 0 1 4 0 2 : 48
0 0 0 0 1 4 1 1 : 24
0 0 0 0 2 0 0 5 : 960
0 0 0 0 2 0 1 4 : 768
0 0 0 0 2 0 2 3 : 576
0 0 0 0 2 0 3 2 : 384
0 0 0 0 2 0 4 1 : 192
0 0 0 0 2 1 0 4 : 576
0 0 0 0 2 1 1 3 : 432
0 0 0 0 2 1 2 2 : 288
0 0 0 0 2 1 3 1 : 144
0 0 0 0 2 2 0 3 : 288
0 0 0 0 2 2 1 2 : 192
0 0 0 0 2 2 2 1 : 96
0 0 0 0 2 3 0 2 : 96
0 0 0 0 2 3 1 1 : 48
0 0 0 0 3 0 0 4 : 864
0 0 0 0 3 0 1 3 : 648
0 0 0 0 3 0 2 2 : 432
0 0 0 0 3 0 3 1 : 216
0 0 0 0 3 1 0 3 : 432
0 0 0 0 3 1 1 2 : 288
0 0 0 0 3 1 2 1 : 144
0 0 0 0 3 2 0 2 : 144
0 0 0 0 3 2 1 1 : 72
0 0 0 0 4 0 0 3 : 576
0 0 0 0 4 0 1 2 : 384
0 0 0 0 4 0 2 1 : 192
0 0 0 0 4 1 0 2 : 192
0 0 0 0 4 1 1 1 : 96
0 0 0 1 1 0 0 5 : 480
0 0 0 1 1 0 1 4 : 384
0 0 0 1 1 0 2 3 : 288
0 0 0 1 1 0 3 2 : 192
0 0 0 1 1 0 4 1 : 96
0 0 0 1 1 1 0 4 : 288
0 0 0 1 1 1 1 3 : 216
0 0 0 1 1 1 2 2 : 144
0 0 0 1 1 1 3 1 : 72
0 0 0 1 1 2 0 3 : 144
0 0 0 1 1 2 1 2 : 96
0 0 0 1 1 2 2 1 : 48
0 0 0 1 1 3 0 2 : 48
0 0 0 1 1 3 1 1 : 24
0 0 0 1 2 0 0 4 : 576
0 0 0 1 2 0 1 3 : 432
0 0 0 1 2 0 2 2 : 288
0 0 0 1 2 0 3 1 : 144
0 0 0 1 2 1 0 3 : 288
0 0 0 1 2 1 1 2 : 192
0 0 0 1 2 1 2 1 : 96
0 0 0 1 2 2 0 2 : 96
0 0 0 1 2 2 1 1 : 48
0 0 0 1 3 0 0 3 : 432
0 0 0 1 3 0 1 2 : 288
0 0 0 1 3 0 2 1 : 144
0 0 0 1 3 1 0 2 : 144
0 0 0 1 3 1 1 1 : 72
0 0 0 2 1 0 0 4 : 288
0 0 0 2 1 0 1 3 : 216
0 0 0 2 1 0 2 2 : 144
0 0 0 2 1 0 3 1 : 72
0 0 0 2 1 1 0 3 : 144
0 0 0 2 1 1 1 2 : 96
0 0 0 2 1 1 2 1 : 48
0 0 0 2 1 2 0 2 : 48
0 0 0 2 1 2 1 1 : 24
0 0 0 2 2 0 0 3 : 288
0 0 0 2 2 0 1 2 : 192
0 0 0 2 2 0 2 1 : 96
0 0 0 2 2 1 0 2 : 96
0 0 0 2 2 1 1 1 : 48
0 0 0 3 1 0 0 3 : 144
0 0 0 3 1 0 1 2 : 96
0 0 0 3 1 0 2 1 : 48
0 0 0 3 1 1 0 2 : 48
0 0 0 3 1 1 1 1 : 24
0 0 1 0 1 0 0 5 : 240
0 0 1 0 1 0 1 4 : 192
0 0 1 0 1 0 2 3 : 144
0 0 1 0 1 0 3 2 : 96
0 0 1 0 1 0 4 1 : 48
0 0 1 0 1 1 0 4 : 144
0 0 1 0 1 1 1 3 : 108
0 0 1 0 1 1 2 2 : 72
0 0 1 0 1 1 3 1 : 36
0 0 1 0 1 2 0 3 : 72
0 0 1 0 1 2 1 2 : 48
0 0 1 0 1 2 2 1 : 24
0 0 1 0 1 3 0 2 : 24
0 0 1 0 1 3 1 1 : 12
0 0 1 0 2 0 0 4 : 336
0 0 1 0 2 0 1 3 : 252
0 0 1 0 2 0 2 2 : 168
0 0 1 0 2 0 3 1 : 84
0 0 1 0 2 1 0 3 : 168
0 0 1 0 2 1 1 2 : 112
0 0 1 0 2 1 2 1 : 56
0 0 1 0 2 2 0 2 : 56
0 0 1 0 2 2 1 1 : 28
0 0 1 0 3 0 0 3 : 288
0 0 1 0 3 0 1 2 : 192
0 0 1 0 3 0 2 1 : 96
0 0 1 0 3 1 0 2 : 96
0 0 1 0 3 1 1 1 : 48
0 0 1 1 1 0 0 4 : 168
0 0 1 1 1 0 1 3 : 126
0 0 1 1 1 0 2 2 : 84
0 0 1 1 1 0 3 1 : 42
0 0 1 1 1 1 0 3 : 84
0 0 1 1 1 1 1 2 : 56
0 0 1 1 1 1 2 1 : 28
0 0 1 1 1 2 0 2 : 28
0 0 1 1 1 2 1 1 : 14
0 0 1 1 2 0 0 3 : 192
0 0 1 1 2 0 1 2 : 128
0 0 1 1 2 0 2 1 : 64
0 0 1 1 2 1 0 2 : 64
0 0 1 1 2 1 1 1 : 32
0 0 1 2 1 0 0 3 : 96
0 0 1 2 1 0 1 2 : 64
0 0 1 2 1 0 2 1 : 32
0 0 1 2 1 1 0 2 : 32
0 0 1 2 1 1 1 1 : 16
0 0 2 0 1 0 0 4 : 48
0 0 2 0 1 0 1 3 : 36
0 0 2 0 1 0 2 2 : 24
0 0 2 0 1 0 3 1 : 12
0 0 2 0 1 1 0 3 : 24
0 0 2 0 1 1 1 2 : 16
0 0 2 0 1 1 2 1 : 8
0 0 2 0 1 2 0 2 : 8
0 0 2 0 1 2 1 1 : 4
0 0 2 0 2 0 0 3 : 96
0 0 2 0 2 0 1 2 : 64
0 0 2 0 2 0 2 1 : 32
0 0 2 0 2 1 0 2 : 32
0 0 2 0 2 1 1 1 : 16
0 0 2 1 1 0 0 3 : 48
0 0 2 1 1 0 1 2 : 32
0 0 2 1 1 0 2 1 : 16
0 0 2 1 1 1 0 2 : 16
0 0 2 1 1 1 1 1 : 8
0 1 0 0 1 0 0 5 : 120
0 1 0 0 1 0 1 4 : 96
0 1 0 0 1 0 2 3 : 72
0 1 0 0 1 0 3 2 : 48
0 1 0 0 1 0 4 1 : 24
0 1 0 0 1 1 0 4 : 72
0 1 0 0 1 1 1 3 : 54
0 1 0 0 1 1 2 2 : 36
0 1 0 0 1 1 3 1 : 18
0 1 0 0 1 2 0 3 : 36
0 1 0 0 1 2 1 2 : 24
0 1 0 0 1 2 2 1 : 12
0 1 0 0 1 3 0 2 : 12
0 1 0 0 1 3 1 1 : 6
0 1 0 0 2 0 0 4 : 144
0 1 0 0 2 0 1 3 : 108
0 1 0 0 2 0 2 2 : 72
0 1 0 0 2 0 3 1 : 36
0 1 0 0 2 1 0 3 : 72
0 1 0 0 2 1 1 2 : 48
0 1 0 0 2 1 2 1 : 24
0 1 0 0 2 2 0 2 : 24
0 1 0 0 2 2 1 1 : 12
0 1 0 0 3 0 0 3 : 144
0 1 0 0 3 0 1 2 : 96
0 1 0 0 3 0 2 1 : 48
0 1 0 0 3 1 0 2 : 48
0 1 0 0 3 1 1 1 : 24
0 1 0 1 1 0 0 4 : 72
0 1 0 1 1 0 1 3 : 54
0 1 0 1 1 0 2 2 : 36
0 1 0 1 1 0 3 1 : 18
0 1 0 1 1 1 0 3 : 36
0 1 0 1 1 1 1 2 : 24
0 1 0 1 1 1 2 1 : 12
0 1 0 1 1 2 0 2 : 12
0 1 0 1 1 2 1 1 : 6
0 1 0 1 2 0 0 3 : 96
0 1 0 1 2 0 1 2 : 64
0 1 0 1 2 0 2 1 : 32
0 1 0 1 2 1 0 2 : 32
0 1 0 1 2 1 1 1 : 16
0 1 0 2 1 0 0 3 : 48
0 1 0 2 1 0 1 2 : 32
0 1 0 2 1 0 2 1 : 16
0 1 0 2 1 1 0 2 : 16
0 1 0 2 1 1 1 1 : 8
0 1 1 0 1 0 0 4 : 24
0 1 1 0 1 0 1 3 : 18
0 1 1 0 1 0 2 2 : 12
0 1 1 0 1 0 3 1 : 6
0 1 1 0 1 1 0 3 : 12
0 1 1 0 1 1 1 2 : 8
0 1 1 0 1 1 2 1 : 4
0 1 1 0 1 2 0 2 : 4
0 1 1 0 1 2 1 1 : 2
0 1 1 0 2 0 0 3 : 48
0 1 1 0 2 0 1 2 : 32
0 1 1 0 2 0 2 1 : 16
0 1 1 0 2 1 0 2 : 16
0 1 1 0 2 1 1 1 : 8
0 1 1 1 1 0 0 3 : 24
0 1 1 1 1 0 1 2 : 16
0 1 1 1 1 0 2 1 : 8
0 1 1 1 1 1 0 2 : 8
0 1 1 1 1 1 1 1 : 4
 6 7 8:
0 0 0 0 0 1 1 5 : 120
0 0 0 0 0 1 2 4 : 240
0 0 0 0 0 1 3 3 : 360
0 0 0 0 0 1 4 2 : 480
0 0 0 0 0 1 5 1 : 600
0 0 0 0 0 2 1 4 : 288
0 0 0 0 0 2 2 3 : 576
0 0 0 0 0 2 3 2 : 864
0 0 0 0 0 2 4 1 : 1152
0 0 0 0 0 3 1 3 : 540
0 0 0 0 0 3 2 2 : 1080
0 0 0 0 0 3 3 1 : 1620
0 0 0 0 0 4 1 2 : 960
0 0 0 0 0 4 2 1 : 1920
0 0 0 0 0 5 1 1 : 1800
0 0 0 0 1 1 1 4 : 144
0 0 0 0 1 1 2 3 : 288
0 0 0 0 1 1 3 2 : 432
0 0 0 0 1 1 4 1 : 576
0 0 0 0 1 2 1 3 : 360
0 0 0 0 1 2 2 2 : 720
0 0 0 0 1 2 3 1 : 1080
0 0 0 0 1 3 1 2 : 720
0 0 0 0 1 3 2 1 : 1440
0 0 0 0 1 4 1 1 : 1440
0 0 0 0 2 1 1 3 : 180
0 0 0 0 2 1 2 2 : 360
0 0 0 0 2 1 3 1 : 540
0 0 0 0 2 2 1 2 : 480
0 0 0 0 2 2 2 1 : 960
0 0 0 0 2 3 1 1 : 1080
0 0 0 0 3 1 1 2 : 240
0 0 0 0 3 1 2 1 : 480
0 0 0 0 3 2 1 1 : 720
0 0 0 0 4 1 1 1 : 360
0 0 0 1 0 1 1 4 : 72
0 0 0 1 0 1 2 3 : 156
0 0 0 1 0 1 3 2 : 252
0 0 0 1 0 1 4 1 : 360
0 0 0 1 0 2 1 3 : 216
0 0 0 1 0 2 2 2 : 456
0 0 0 1 0 2 3 1 : 720
0 0 0 1 0 3 1 2 : 492
0 0 0 1 0 3 2 1 : 1020
0 0 0 1 0 4 1 1 : 1080
0 0 0 1 1 1 1 3 : 108
0 0 0 1 1 1 2 2 : 228
0 0 0 1 1 1 3 1 : 360
0 0 0 1 1 2 1 2 : 328
0 0 0 1 1 2 2 1 : 680
0 0 0 1 1 3 1 1 : 810
0 0 0 1 2 1 1 2 : 164
0 0 0 1 2 1 2 1 : 340
0 0 0 1 2 2 1 1 : 540
0 0 0 1 3 1 1 1 : 270
0 0 0 2 0 1 1 3 : 36
0 0 0 2 0 1 2 2 : 96
0 0 0 2 0 1 3 1 : 180
0 0 0 2 0 2 1 2 : 176
0 0 0 2 0 2 2 1 : 400
0 0 0 2 0 3 1 1 : 540
0 0 0 2 1 1 1 2 : 88
0 0 0 2 1 1 2 1 : 200
0 0 0 2 1 2 1 1 : 360
0 0 0 2 2 1 1 1 : 180
0 0 0 3 0 1 1 2 : 12
0 0 0 3 0 1 2 1 : 60
0 0 0 3 0 2 1 1 : 180
0 0 0 3 1 1 1 1 : 90
0 0 1 0 0 1 1 4 : 48
0 0 1 0 0 1 2 3 : 96
0 0 1 0 0 1 3 2 : 156
0 0 1 0 0 1 4 1 : 240
0 0 1 0 0 2 1 3 : 120
0 0 1 0 0 2 2 2 : 264
0 0 1 0 0 2 3 1 : 456
0 0 1 0 0 3 1 2 : 288
0 0 1 0 0 3 2 1 : 648
0 0 1 0 0 4 1 1 : 720
0 0 1 0 1 1 1 3 : 60
0 0 1 0 1 1 2 2 : 132
0 0 1 0 1 1 3 1 : 228
0 0 1 0 1 2 1 2 : 192
0 0 1 0 1 2 2 1 : 432
0 0 1 0 1 3 1 1 : 540
0 0 1 0 2 1 1 2 : 96
0 0 1 0 2 1 2 1 : 216
0 0 1 0 2 2 1 1 : 360
0 0 1 0 3 1 1 1 : 180
0 0 1 1 0 1 1 3 : 24
0 0 1 1 0 1 2 2 : 60
0 0 1 1 0 1 3 1 : 120
0 0 1 1 0 2 1 2 : 104
0 0 1 1 0 2 2 1 : 256
0 0 1 1 0 3 1 1 : 360
0 0 1 1 1 1 1 2 : 52
0 0 1 1 1 1 2 1 : 128
0 0 1 1 1 2 1 1 : 240
0 0 1 1 2 1 1 1 : 120
0 0 1 2 0 1 1 2 : 8
0 0 1 2 0 1 2 1 : 40
0 0 1 2 0 2 1 1 : 120
0 0 1 2 1 1 1 1 : 60
0 0 2 0 0 1 1 3 : 12
0 0 2 0 0 1 2 2 : 24
0 0 2 0 0 1 3 1 : 60
0 0 2 0 0 2 1 2 : 32
0 0 2 0 0 2 2 1 : 112
0 0 2 0 0 3 1 1 : 180
0 0 2 0 1 1 1 2 : 16
0 0 2 0 1 1 2 1 : 56
0 0 2 0 1 2 1 1 : 120
0 0 2 0 2 1 1 1 : 60
0 0 2 1 0 1 1 2 : 4
0 0 2 1 0 1 2 1 : 20
0 0 2 1 0 2 1 1 : 60
0 0 2 1 1 1 1 1 : 30
0 1 0 0 0 1 1 4 : 24
0 1 0 0 0 1 2 3 : 48
0 1 0 0 0 1 3 2 : 72
0 1 0 0 0 1 4 1 : 120
0 1 0 0 0 2 1 3 : 60
0 1 0 0 0 2 2 2 : 120
0 1 0 0 0 2 3 1 : 228
0 1 0 0 0 3 1 2 : 120
0 1 0 0 0 3 2 1 : 312
0 1 0 0 0 4 1 1 : 360
0 1 0 0 1 1 1 3 : 30
0 1 0 0 1 1 2 2 : 60
0 1 0 0 1 1 3 1 : 114
0 1 0 0 1 2 1 2 : 80
0 1 0 0 1 2 2 1 : 208
0 1 0 0 1 3 1 1 : 270
0 1 0 0 2 1 1 2 : 40
0 1 0 0 2 1 2 1 : 104
0 1 0 0 2 2 1 1 : 180
0 1 0 0 3 1 1 1 : 90
0 1 0 1 0 1 1 3 : 12
0 1 0 1 0 1 2 2 : 28
0 1 0 1 0 1 3 1 : 60
0 1 0 1 0 2 1 2 : 44
0 1 0 1 0 2 2 1 : 124
0 1 0 1 0 3 1 1 : 180
0 1 0 1 1 1 1 2 : 22
0 1 0 1 1 1 2 1 : 62
0 1 0 1 1 2 1 1 : 120
0 1 0 1 2 1 1 1 : 60
0 1 0 2 0 1 1 2 : 4
0 1 0 2 0 1 2 1 : 20
0 1 0 2 0 2 1 1 : 60
0 1 0 2 1 1 1 1 : 30
0 1 1 0 0 1 1 3 : 6
0 1 1 0 0 1 2 2 : 12
0 1 1 0 0 1 3 1 : 30
0 1 1 0 0 2 1 2 : 16
0 1 1 0 0 2 2 1 : 56
0 1 1 0 0 3 1 1 : 90
0 1 1 0 1 1 1 2 : 8
0 1 1 0 1 1 2 1 : 28
0 1 1 0 1 2 1 1 : 60
0 1 1 0 2 1 1 1 : 30
0 1 1 1 0 1 1 2 : 2
0 1 1 1 0 1 2 1 : 10
0 1 1 1 0 2 1 1 : 30
0 1 1 1 1 1 1 1 : 15
 6 8:
0 0 0 0 0 1 0 6 : 720
0 0 0 0 0 1 1 5 : 600
0 0 0 0 0 1 2 4 : 480
0 0 0 0 0 1 3 3 : 360
0 0 0 0 0 1 4 2 : 240
0 0 0 0 0 1 5 1 : 120
0 0 0 0 0 2 0 5 : 1200
0 0 0 0 0 2 1 4 : 960
0 0 0 0 0 2 2 3 : 720
0 0 0 0 0 2 3 2 : 480
0 0 0 0 0 2 4 1 : 240
0 0 0 0 0 3 0 4 : 1440
0 0 0 0 0 3 1 3 : 1080
0 0 0 0 0 3 2 2 : 720
0 0 0 0 0 3 3 1 : 360
0 0 0 0 0 4 0 3 : 1440
0 0 0 0 0 4 1 2 : 960
0 0 0 0 0 4 2 1 : 480
0 0 0 0 0 5 0 2 : 1200
0 0 0 0 0 5 1 1 : 600
0 0 0 0 1 1 0 5 : 600
0 0 0 0 1 1 1 4 : 480
0 0 0 0 1 1 2 3 : 360
0 0 0 0 1 1 3 2 : 240
0 0 0 0 1 1 4 1 : 120
0 0 0 0 1 2 0 4 : 960
0 0 0 0 1 2 1 3 : 720
0 0 0 0 1 2 2 2 : 480
0 0 0 0 1 2 3 1 : 240
0 0 0 0 1 3 0 3 : 1080
0 0 0 0 1 3 1 2 : 720
0 0 0 0 1 3 2 1 : 360
0 0 0 0 1 4 0 2 : 960
0 0 0 0 1 4 1 1 : 480
0 0 0 0 2 1 0 4 : 480
0 0 0 0 2 1 1 3 : 360
0 0 0 0 2 1 2 2 : 240
0 0 0 0 2 1 3 1 : 120
0 0 0 0 2 2 0 3 : 720
0 0 0 0 2 2 1 2 : 480
0 0 0 0 2 2 2 1 : 240
0 0 0 0 2 3 0 2 : 720
0 0 0 0 2 3 1 1 : 360
0 0 0 0 3 1 0 3 : 360
0 0 0 0 3 1 1 2 : 240
0 0 0 0 3 1 2 1 : 120
0 0 0 0 3 2 0 2 : 480
0 0 0 0 3 2 1 1 : 240
0 0 0 0 4 1 0 2 : 240
0 0 0 0 4 1 1 1 : 120
0 0 0 1 0 1 0 5 : 360
0 0 0 1 0 1 1 4 : 288
0 0 0 1 0 1 2 3 : 216
0 0 0 1 0 1 3 2 : 144
0 0 0 1 0 1 4 1 : 72
0 0 0 1 0 2 0 4 : 624
0 0 0 1 0 2 1 3 : 468
0 0 0 1 0 2 2 2 : 312
0 0 0 1 0 2 3 1 : 156
0 0 0 1 0 3 0 3 : 756
0 0 0 1 0 3 1 2 : 504
0 0 0 1 0 3 2 1 : 252
0 0 0 1 0 4 0 2 : 720
0 0 0 1 0 4 1 1 : 360
0 0 0 1 1 1 0 4 : 312
0 0 0 1 1 1 1 3 : 234
0 0 0 1 1 1 2 2 : 156
0 0 0 1 1 1 3 1 : 78
0 0 0 1 1 2 0 3 : 504
0 0 0 1 1 2 1 2 : 336
0 0 0 1 1 2 2 1 : 168
0 0 0 1 1 3 0 2 : 540
0 0 0 1 1 3 1 1 : 270
0 0 0 1 2 1 0 3 : 252
0 0 0 1 2 1 1 2 : 168
0 0 0 1 2 1 2 1 : 84
0 0 0 1 2 2 0 2 : 360
0 0 0 1 2 2 1 1 : 180
0 0 0 1 3 1 0 2 : 180
0 0 0 1 3 1 1 1 : 90
0 0 0 2 0 1 0 4 : 144
0 0 0 2 0 1 1 3 : 108
0 0 0 2 0 1 2 2 : 72
0 0 0 2 0 1 3 1 : 36
0 0 0 2 0 2 0 3 : 288
0 0 0 2 0 2 1 2 : 192
0 0 0 2 0 2 2 1 : 96
0 0 0 2 0 3 0 2 : 360
0 0 0 2 0 3 1 1 : 180
0 0 0 2 1 1 0 3 : 144
0 0 0 2 1 1 1 2 : 96
0 0 0 2 1 1 2 1 : 48
0 0 0 2 1 2 0 2 : 240
0 0 0 2 1 2 1 1 : 120
0 0 0 2 2 1 0 2 : 120
0 0 0 2 2 1 1 1 : 60
0 0 0 3 0 1 0 3 : 36
0 0 0 3 0 1 1 2 : 24
0 0 0 3 0 1 2 1 : 12
0 0 0 3 0 2 0 2 : 120
0 0 0 3 0 2 1 1 : 60
0 0 0 3 1 1 0 2 : 60
0 0 0 3 1 1 1 1 : 30
0 0 1 0 0 1 0 5 : 240
0 0 1 0 0 1 1 4 : 192
0 0 1 0 0 1 2 3 : 144
0 0 1 0 0 1 3 2 : 96
0 0 1 0 0 1 4 1 : 48
0 0 1 0 0 2 0 4 : 384
0 0 1 0 0 2 1 3 : 288
0 0 1 0 0 2 2 2 : 192
0 0 1 0 0 2 3 1 : 96
0 0 1 0 0 3 0 3 : 468
0 0 1 0 0 3 1 2 : 312
0 0 1 0 0 3 2 1 : 156
0 0 1 0 0 4 0 2 : 480
0 0 1 0 0 4 1 1 : 240
0 0 1 0 1 1 0 4 : 192
0 0 1 0 1 1 1 3 : 144
0 0 1 0 1 1 2 2 : 96
0 0 1 0 1 1 3 1 : 48
0 0 1 0 1 2 0 3 : 312
0 0 1 0 1 2 1 2 : 208
0 0 1 0 1 2 2 1 : 104
0 0 1 0 1 3 0 2 : 360
0 0 1 0 1 3 1 1 : 180
0 0 1 0 2 1 0 3 : 156
0 0 1 0 2 1 1 2 : 104
0 0 1 0 2 1 2 1 : 52
0 0 1 0 2 2 0 2 : 240
0 0 1 0 2 2 1 1 : 120
0 0 1 0 3 1 0 2 : 120
0 0 1 0 3 1 1 1 : 60
0 0 1 1 0 1 0 4 : 96
0 0 1 1 0 1 1 3 : 72
0 0 1 1 0 1 2 2 : 48
0 0 1 1 0 1 3 1 : 24
0 0 1 1 0 2 0 3 : 180
0 0 1 1 0 2 1 2 : 120
0 0 1 1 0 2 2 1 : 60
0 0 1 1 0 3 0 2 : 240
0 0 1 1 0 3 1 1 : 120
0 0 1 1 1 1 0 3 : 90
0 0 1 1 1 1 1 2 : 60
0 0 1 1 1 1 2 1 : 30
0 0 1 1 1 2 0 2 : 160
0 0 1 1 1 2 1 1 : 80
0 0 1 1 2 1 0 2 : 80
0 0 1 1 2 1 1 1 : 40
0 0 1 2 0 1 0 3 : 24
0 0 1 2 0 1 1 2 : 16
0 0 1 2 0 1 2 1 : 8
0 0 1 2 0 2 0 2 : 80
0 0 1 2 0 2 1 1 : 40
0 0 1 2 1 1 0 2 : 40
0 0 1 2 1 1 1 1 : 20
0 0 2 0 0 1 0 4 : 48
0 0 2 0 0 1 1 3 : 36
0 0 2 0 0 1 2 2 : 24
0 0 2 0 0 1 3 1 : 12
0 0 2 0 0 2 0 3 : 72
0 0 2 0 0 2 1 2 : 48
0 0 2 0 0 2 2 1 : 24
0 0 2 0 0 3 0 2 : 120
0 0 2 0 0 3 1 1 : 60
0 0 2 0 1 1 0 3 : 36
0 0 2 0 1 1 1 2 : 24
0 0 2 0 1 1 2 1 : 12
0 0 2 0 1 2 0 2 : 80
0 0 2 0 1 2 1 1 : 40
0 0 2 0 2 1 0 2 : 40
0 0 2 0 2 1 1 1 : 20
0 0 2 1 0 1 0 3 : 12
0 0 2 1 0 1 1 2 : 8
0 0 2 1 0 1 2 1 : 4
0 0 2 1 0 2 0 2 : 40
0 0 2 1 0 2 1 1 : 20
0 0 2 1 1 1 0 2 : 20
0 0 2 1 1 1 1 1 : 10
0 1 0 0 0 1 0 5 : 120
0 1 0 0 0 1 1 4 : 96
0 1 0 0 0 1 2 3 : 72
0 1 0 0 0 1 3 2 : 48
0 1 0 0 0 1 4 1 : 24
0 1 0 0 0 2 0 4 : 192
0 1 0 0 0 2 1 3 : 144
0 1 0 0 0 2 2 2 : 96
0 1 0 0 0 2 3 1 : 48
0 1 0 0 0 3 0 3 : 216
0 1 0 0 0 3 1 2 : 144
0 1 0 0 0 3 2 1 : 72
0 1 0 0 0 4 0 2 : 240
0 1 0 0 0 4 1 1 : 120
0 1 0 0 1 1 0 4 : 96
0 1 0 0 1 1 1 3 : 72
0 1 0 0 1 1 2 2 : 48
0 1 0 0 1 1 3 1 : 24
0 1 0 0 1 2 0 3 : 144
0 1 0 0 1 2 1 2 : 96
0 1 0 0 1 2 2 1 : 48
0 1 0 0 1 3 0 2 : 180
0 1 0 0 1 3 1 1 : 90
0 1 0 0 2 1 0 3 : 72
0 1 0 0 2 1 1 2 : 48
0 1 0 0 2 1 2 1 : 24
0 1 0 0 2 2 0 2 : 120
0 1 0 0 2 2 1 1 : 60
0 1 0 0 3 1 0 2 : 60
0 1 0 0 3 1 1 1 : 30
0 1 0 1 0 1 0 4 : 48
0 1 0 1 0 1 1 3 : 36
0 1 0 1 0 1 2 2 : 24
0 1 0 1 0 1 3 1 : 12
0 1 0 1 0 2 0 3 : 84
0 1 0 1 0 2 1 2 : 56
0 1 0 1 0 2 2 1 : 28
0 1 0 1 0 3 0 2 : 120
0 1 0 1 0 3 1 1 : 60
0 1 0 1 1 1 0 3 : 42
0 1 0 1 1 1 1 2 : 28
0 1 0 1 1 1 2 1 : 14
0 1 0 1 1 2 0 2 : 80
0 1 0 1 1 2 1 1 : 40
0 1 0 1 2 1 0 2 : 40
0 1 0 1 2 1 1 1 : 20
0 1 0 2 0 1 0 3 : 12
0 1 0 2 0 1 1 2 : 8
0 1 0 2 0 1 2 1 : 4
0 1 0 2 0 2 0 2 : 40
0 1 0 2 0 2 1 1 : 20
0 1 0 2 1 1 0 2 : 20
0 1 0 2 1 1 1 1 : 10
0 1 1 0 0 1 0 4 : 24
0 1 1 0 0 1 1 3 : 18
0 1 1 0 0 1 2 2 : 12
0 1 1 0 0 1 3 1 : 6
0 1 1 0 0 2 0 3 : 36
0 1 1 0 0 2 1 2 : 24
0 1 1 0 0 2 2 1 : 12
0 1 1 0 0 3 0 2 : 60
0 1 1 0 0 3 1 1 : 30
0 1 1 0 1 1 0 3 : 18
0 1 1 0 1 1 1 2 : 12
0 1 1 0 1 1 2 1 : 6
0 1 1 0 1 2 0 2 : 40
0 1 1 0 1 2 1 1 : 20
0 1 1 0 2 1 0 2 : 20
0 1 1 0 2 1 1 1 : 10
0 1 1 1 0 1 0 3 : 6
0 1 1 1 0 1 1 2 : 4
0 1 1 1 0 1 2 1 : 2
0 1 1 1 0 2 0 2 : 20
0 1 1 1 0 2 1 1 : 10
0 1 1 1 1 1 0 2 : 10
0 1 1 1 1 1 1 1 : 5
 7 8:
0 0 0 0 0 0 1 6 : 720
0 0 0 0 0 0 2 5 : 1440
0 0 0 0 0 0 3 4 : 2160
0 0 0 0 0 0 4 3 : 2880
0 0 0 0 0 0 5 2 : 3600
0 0 0 0 0 0 6 1 : 4320
0 0 0 0 0 1 1 5 : 720
0 0 0 0 0 1 2 4 : 1440
0 0 0 0 0 1 3 3 : 2160
0 0 0 0 0 1 4 2 : 2880
0 0 0 0 0 1 5 1 : 3600
0 0 0 0 0 2 1 4 : 720
0 0 0 0 0 2 2 3 : 1440
0 0 0 0 0 2 3 2 : 2160
0 0 0 0 0 2 4 1 : 2880
0 0 0 0 0 3 1 3 : 720
0 0 0 0 0 3 2 2 : 1440
0 0 0 0 0 3 3 1 : 2160
0 0 0 0 0 4 1 2 : 720
0 0 0 0 0 4 2 1 : 1440
0 0 0 0 0 5 1 1 : 720
0 0 0 0 1 0 1 5 : 480
0 0 0 0 1 0 2 4 : 1008
0 0 0 0 1 0 3 3 : 1584
0 0 0 0 1 0 4 2 : 2208
0 0 0 0 1 0 5 1 : 2880
0 0 0 0 1 1 1 4 : 504
0 0 0 0 1 1 2 3 : 1056
0 0 0 0 1 1 3 2 : 1656
0 0 0 0 1 1 4 1 : 2304
0 0 0 0 1 2 1 3 : 528
0 0 0 0 1 2 2 2 : 1104
0 0 0 0 1 2 3 1 : 1728
0 0 0 0 1 3 1 2 : 552
0 0 0 0 1 3 2 1 : 1152
0 0 0 0 1 4 1 1 : 576
0 0 0 0 2 0 1 4 : 288
0 0 0 0 2 0 2 3 : 672
0 0 0 0 2 0 3 2 : 1152
0 0 0 0 2 0 4 1 : 1728
0 0 0 0 2 1 1 3 : 336
0 0 0 0 2 1 2 2 : 768
0 0 0 0 2 1 3 1 : 1296
0 0 0 0 2 2 1 2 : 384
0 0 0 0 2 2 2 1 : 864
0 0 0 0 2 3 1 1 : 432
0 0 0 0 3 0 1 3 : 144
0 0 0 0 3 0 2 2 : 432
0 0 0 0 3 0 3 1 : 864
0 0 0 0 3 1 1 2 : 216
0 0 0 0 3 1 2 1 : 576
0 0 0 0 3 2 1 1 : 288
0 0 0 0 4 0 1 2 : 48
0 0 0 0 4 0 2 1 : 288
0 0 0 0 4 1 1 1 : 144
0 0 0 1 0 0 1 5 : 360
0 0 0 1 0 0 2 4 : 720
0 0 0 1 0 0 3 3 : 1116
0 0 0 1 0 0 4 2 : 1584
0 0 0 1 0 0 5 1 : 2160
0 0 0 1 0 1 1 4 : 360
0 0 0 1 0 1 2 3 : 744
0 0 0 1 0 1 3 2 : 1188
0 0 0 1 0 1 4 1 : 1728
0 0 0 1 0 2 1 3 : 372
0 0 0 1 0 2 2 2 : 792
0 0 0 1 0 2 3 1 : 1296
0 0 0 1 0 3 1 2 : 396
0 0 0 1 0 3 2 1 : 864
0 0 0 1 0 4 1 1 : 432
0 0 0 1 1 0 1 4 : 216
0 0 0 1 1 0 2 3 : 480
0 0 0 1 1 0 3 2 : 828
0 0 0 1 1 0 4 1 : 1296
0 0 0 1 1 1 1 3 : 240
0 0 0 1 1 1 2 2 : 552
0 0 0 1 1 1 3 1 : 972
0 0 0 1 1 2 1 2 : 276
0 0 0 1 1 2 2 1 : 648
0 0 0 1 1 3 1 1 : 324
0 0 0 1 2 0 1 3 : 108
0 0 0 1 2 0 2 2 : 312
0 0 0 1 2 0 3 1 : 648
0 0 0 1 2 1 1 2 : 156
0 0 0 1 2 1 2 1 : 432
0 0 0 1 2 2 1 1 : 216
0 0 0 1 3 0 1 2 : 36
0 0 0 1 3 0 2 1 : 216
0 0 0 1 3 1 1 1 : 108
0 0 0 2 0 0 1 4 : 144
0 0 0 2 0 0 2 3 : 288
0 0 0 2 0 0 3 2 : 504
0 0 0 2 0 0 4 1 : 864
0 0 0 2 0 1 1 3 : 144
0 0 0 2 0 1 2 2 : 336
0 0 0 2 0 1 3 1 : 648
0 0 0 2 0 2 1 2 : 168
0 0 0 2 0 2 2 1 : 432
0 0 0 2 0 3 1 1 : 216
0 0 0 2 1 0 1 3 : 72
0 0 0 2 1 0 2 2 : 192
0 0 0 2 1 0 3 1 : 432
0 0 0 2 1 1 1 2 : 96
0 0 0 2 1 1 2 1 : 288
0 0 0 2 1 2 1 1 : 144
0 0 0 2 2 0 1 2 : 24
0 0 0 2 2 0 2 1 : 144
0 0 0 2 2 1 1 1 : 72
0 0 0 3 0 0 1 3 : 36
0 0 0 3 0 0 2 2 : 72
0 0 0 3 0 0 3 1 : 216
0 0 0 3 0 1 1 2 : 36
0 0 0 3 0 1 2 1 : 144
0 0 0 3 0 2 1 1 : 72
0 0 0 3 1 0 1 2 : 12
0 0 0 3 1 0 2 1 : 72
0 0 0 3 1 1 1 1 : 36
0 0 1 0 0 0 1 5 : 240
0 0 1 0 0 0 2 4 : 480
0 0 1 0 0 0 3 3 : 720
0 0 1 0 0 0 4 2 : 1008
0 0 1 0 0 0 5 1 : 1440
0 0 1 0 0 1 1 4 : 240
0 0 1 0 0 1 2 3 : 480
0 0 1 0 0 1 3 2 : 756
0 0 1 0 0 1 4 1 : 1152
0 0 1 0 0 2 1 3 : 240
0 0 1 0 0 2 2 2 : 504
0 0 1 0 0 2 3 1 : 864
0 0 1 0 0 3 1 2 : 252
0 0 1 0 0 3 2 1 : 576
0 0 1 0 0 4 1 1 : 288
0 0 1 0 1 0 1 4 : 144
0 0 1 0 1 0 2 3 : 312
0 0 1 0 1 0 3 2 : 528
0 0 1 0 1 0 4 1 : 864
0 0 1 0 1 1 1 3 : 156
0 0 1 0 1 1 2 2 : 352
0 0 1 0 1 1 3 1 : 648
0 0 1 0 1 2 1 2 : 176
0 0 1 0 1 2 2 1 : 432
0 0 1 0 1 3 1 1 : 216
0 0 1 0 2 0 1 3 : 72
0 0 1 0 2 0 2 2 : 200
0 0 1 0 2 0 3 1 : 432
0 0 1 0 2 1 1 2 : 100
0 0 1 0 2 1 2 1 : 288
0 0 1 0 2 2 1 1 : 144
0 0 1 0 3 0 1 2 : 24
0 0 1 0 3 0 2 1 : 144
0 0 1 0 3 1 1 1 : 72
0 0 1 1 0 0 1 4 : 96
0 0 1 1 0 0 2 3 : 192
0 0 1 1 0 0 3 2 : 324
0 0 1 1 0 0 4 1 : 576
0 0 1 1 0 1 1 3 : 96
0 0 1 1 0 1 2 2 : 216
0 0 1 1 0 1 3 1 : 432
0 0 1 1 0 2 1 2 : 108
0 0 1 1 0 2 2 1 : 288
0 0 1 1 0 3 1 1 : 144
0 0 1 1 1 0 1 3 : 48
0 0 1 1 1 0 2 2 : 124
0 0 1 1 1 0 3 1 : 288
0 0 1 1 1 1 1 2 : 62
0 0 1 1 1 1 2 1 : 192
0 0 1 1 1 2 1 1 : 96
0 0 1 1 2 0 1 2 : 16
0 0 1 1 2 0 2 1 : 96
0 0 1 1 2 1 1 1 : 48
0 0 1 2 0 0 1 3 : 24
0 0 1 2 0 0 2 2 : 48
0 0 1 2 0 0 3 1 : 144
0 0 1 2 0 1 1 2 : 24
0 0 1 2 0 1 2 1 : 96
0 0 1 2 0 2 1 1 : 48
0 0 1 2 1 0 1 2 : 8
0 0 1 2 1 0 2 1 : 48
0 0 1 2 1 1 1 1 : 24
0 0 2 0 0 0 1 4 : 48
0 0 2 0 0 0 2 3 : 96
0 0 2 0 0 0 3 2 : 144
0 0 2 0 0 0 4 1 : 288
0 0 2 0 0 1 1 3 : 48
0 0 2 0 0 1 2 2 : 96
0 0 2 0 0 1 3 1 : 216
0 0 2 0 0 2 1 2 : 48
0 0 2 0 0 2 2 1 : 144
0 0 2 0 0 3 1 1 : 72
0 0 2 0 1 0 1 3 : 24
0 0 2 0 1 0 2 2 : 56
0 0 2 0 1 0 3 1 : 144
0 0 2 0 1 1 1 2 : 28
0 0 2 0 1 1 2 1 : 96
0 0 2 0 1 2 1 1 : 48
0 0 2 0 2 0 1 2 : 8
0 0 2 0 2 0 2 1 : 48
0 0 2 0 2 1 1 1 : 24
0 0 2 1 0 0 1 3 : 12
0 0 2 1 0 0 2 2 : 24
0 0 2 1 0 0 3 1 : 72
0 0 2 1 0 1 1 2 : 12
0 0 2 1 0 1 2 1 : 48
0 0 2 1 0 2 1 1 : 24
0 0 2 1 1 0 1 2 : 4
0 0 2 1 1 0 2 1 : 24
0 0 2 1 1 1 1 1 : 12
0 1 0 0 0 0 1 5 : 120
0 1 0 0 0 0 2 4 : 240
0 1 0 0 0 0 3 3 : 360
0 1 0 0 0 0 4 2 : 480
0 1 0 0 0 0 5 1 : 720
0 1 0 0 0 1 1 4 : 120
0 1 0 0 0 1 2 3 : 240
0 1 0 0 0 1 3 2 : 360
0 1 0 0 0 1 4 1 : 576
0 1 0 0 0 2 1 3 : 120
0 1 0 0 0 2 2 2 : 240
0 1 0 0 0 2 3 1 : 432
0 1 0 0 0 3 1 2 : 120
0 1 0 0 0 3 2 1 : 288
0 1 0 0 0 4 1 1 : 144
0 1 0 0 1 0 1 4 : 72
0 1 0 0 1 0 2 3 : 156
0 1 0 0 1 0 3 2 : 252
0 1 0 0 1 0 4 1 : 432
0 1 0 0 1 1 1 3 : 78
0 1 0 0 1 1 2 2 : 168
0 1 0 0 1 1 3 1 : 324
0 1 0 0 1 2 1 2 : 84
0 1 0 0 1 2 2 1 : 216
0 1 0 0 1 3 1 1 : 108
0 1 0 0 2 0 1 3 : 36
0 1 0 0 2 0 2 2 : 96
0 1 0 0 2 0 3 1 : 216
0 1 0 0 2 1 1 2 : 48
0 1 0 0 2 1 2 1 : 144
0 1 0 0 2 2 1 1 : 72
0 1 0 0 3 0 1 2 : 12
0 1 0 0 3 0 2 1 : 72
0 1 0 0 3 1 1 1 : 36
0 1 0 1 0 0 1 4 : 48
0 1 0 1 0 0 2 3 : 96
0 1 0 1 0 0 3 2 : 156
0 1 0 1 0 0 4 1 : 288
0 1 0 1 0 1 1 3 : 48
0 1 0 1 0 1 2 2 : 104
0 1 0 1 0 1 3 1 : 216
0 1 0 1 0 2 1 2 : 52
0 1 0 1 0 2 2 1 : 144
0 1 0 1 0 3 1 1 : 72
0 1 0 1 1 0 1 3 : 24
0 1 0 1 1 0 2 2 : 60
0 1 0 1 1 0 3 1 : 144
0 1 0 1 1 1 1 2 : 30
0 1 0 1 1 1 2 1 : 96
0 1 0 1 1 2 1 1 : 48
0 1 0 1 2 0 1 2 : 8
0 1 0 1 2 0 2 1 : 48
0 1 0 1 2 1 1 1 : 24
0 1 0 2 0 0 1 3 : 12
0 1 0 2 0 0 2 2 : 24
0 1 0 2 0 0 3 1 : 72
0 1 0 2 0 1 1 2 : 12
0 1 0 2 0 1 2 1 : 48
0 1 0 2 0 2 1 1 : 24
0 1 0 2 1 0 1 2 : 4
0 1 0 2 1 0 2 1 : 24
0 1 0 2 1 1 1 1 : 12
0 1 1 0 0 0 1 4 : 24
0 1 1 0 0 0 2 3 : 48
0 1 1 0 0 0 3 2 : 72
0 1 1 0 0 0 4 1 : 144
0 1 1 0 0 1 1 3 : 24
0 1 1 0 0 1 2 2 : 48
0 1 1 0 0 1 3 1 : 108
0 1 1 0 0 2 1 2 : 24
0 1 1 0 0 2 2 1 : 72
0 1 1 0 0 3 1 1 : 36
0 1 1 0 1 0 1 3 : 12
0 1 1 0 1 0 2 2 : 28
0 1 1 0 1 0 3 1 : 72
0 1 1 0 1 1 1 2 : 14
0 1 1 0 1 1 2 1 : 48
0 1 1 0 1 2 1 1 : 24
0 1 1 0 2 0 1 2 : 4
0 1 1 0 2 0 2 1 : 24
0 1 1 0 2 1 1 1 : 12
0 1 1 1 0 0 1 3 : 6
0 1 1 1 0 0 2 2 : 12
0 1 1 1 0 0 3 1 : 36
0 1 1 1 0 1 1 2 : 6
0 1 1 1 0 1 2 1 : 24
0 1 1 1 0 2 1 1 : 12
0 1 1 1 1 0 1 2 : 2
0 1 1 1 1 0 2 1 : 12
0 1 1 1 1 1 1 1 : 6
 8:
0 0 0 0 0 0 0 7 : 5040
0 0 0 0 0 0 1 6 : 4320
0 0 0 0 0 0 2 5 : 3600
0 0 0 0 0 0 3 4 : 2880
0 0 0 0 0 0 4 3 : 2160
0 0 0 0 0 0 5 2 : 1440
0 0 0 0 0 0 6 1 : 720
0 0 0 0 0 1 0 6 : 3600
0 0 0 0 0 1 1 5 : 3000
0 0 0 0 0 1 2 4 : 2400
0 0 0 0 0 1 3 3 : 1800
0 0 0 0 0 1 4 2 : 1200
0 0 0 0 0 1 5 1 : 600
0 0 0 0 0 2 0 5 : 2400
0 0 0 0 0 2 1 4 : 1920
0 0 0 0 0 2 2 3 : 1440
0 0 0 0 0 2 3 2 : 960
0 0 0 0 0 2 4 1 : 480
0 0 0 0 0 3 0 4 : 1440
0 0 0 0 0 3 1 3 : 1080
0 0 0 0 0 3 2 2 : 720
0 0 0 0 0 3 3 1 : 360
0 0 0 0 0 4 0 3 : 720
0 0 0 0 0 4 1 2 : 480
0 0 0 0 0 4 2 1 : 240
0 0 0 0 0 5 0 2 : 240
0 0 0 0 0 5 1 1 : 120
0 0 0 0 1 0 0 6 : 2880
0 0 0 0 1 0 1 5 : 2400
0 0 0 0 1 0 2 4 : 1920
0 0 0 0 1 0 3 3 : 1440
0 0 0 0 1 0 4 2 : 960
0 0 0 0 1 0 5 1 : 480
0 0 0 0 1 1 0 5 : 1920
0 0 0 0 1 1 1 4 : 1536
0 0 0 0 1 1 2 3 : 1152
0 0 0 0 1 1 3 2 : 768
0 0 0 0 1 1 4 1 : 384
0 0 0 0 1 2 0 4 : 1152
0 0 0 0 1 2 1 3 : 864
0 0 0 0 1 2 2 2 : 576
0 0 0 0 1 2 3 1 : 288
0 0 0 0 1 3 0 3 : 576
0 0 0 0 1 3 1 2 : 384
0 0 0 0 1 3 2 1 : 192
0 0 0 0 1 4 0 2 : 192
0 0 0 0 1 4 1 1 : 96
0 0 0 0 2 0 0 5 : 1440
0 0 0 0 2 0 1 4 : 1152
0 0 0 0 2 0 2 3 : 864
0 0 0 0 2 0 3 2 : 576
0 0 0 0 2 0 4 1 : 288
0 0 0 0 2 1 0 4 : 864
0 0 0 0 2 1 1 3 : 648
0 0 0 0 2 1 2 2 : 432
0 0 0 0 2 1 3 1 : 216
0 0 0 0 2 2 0 3 : 432
0 0 0 0 2 2 1 2 : 288
0 0 0 0 2 2 2 1 : 144
0 0 0 0 2 3 0 2 : 144
0 0 0 0 2 3 1 1 : 72
0 0 0 0 3 0 0 4 : 576
0 0 0 0 3 0 1 3 : 432
0 0 0 0 3 0 2 2 : 288
0 0 0 0 3 0 3 1 : 144
0 0 0 0 3 1 0 3 : 288
0 0 0 0 3 1 1 2 : 192
0 0 0 0 3 1 2 1 : 96
0 0 0 0 3 2 0 2 : 96
0 0 0 0 3 2 1 1 : 48
0 0 0 0 4 0 0 3 : 144
0 0 0 0 4 0 1 2 : 96
0 0 0 0 4 0 2 1 : 48
0 0 0 0 4 1 0 2 : 48
0 0 0 0 4 1 1 1 : 24
0 0 0 1 0 0 0 6 : 2160
0 0 0 1 0 0 1 5 : 1800
0 0 0 1 0 0 2 4 : 1440
0 0 0 1 0 0 3 3 : 1080
0 0 0 1 0 0 4 2 : 720
0 0 0 1 0 0 5 1 : 360
0 0 0 1 0 1 0 5 : 1440
0 0 0 1 0 1 1 4 : 1152
0 0 0 1 0 1 2 3 : 864
0 0 0 1 0 1 3 2 : 576
0 0 0 1 0 1 4 1 : 288
0 0 0 1 0 2 0 4 : 864
0 0 0 1 0 2 1 3 : 648
0 0 0 1 0 2 2 2 : 432
0 0 0 1 0 2 3 1 : 216
0 0 0 1 0 3 0 3 : 432
0 0 0 1 0 3 1 2 : 288
0 0 0 1 0 3 2 1 : 144
0 0 0 1 0 4 0 2 : 144
0 0 0 1 0 4 1 1 : 72
0 0 0 1 1 0 0 5 : 1080
0 0 0 1 1 0 1 4 : 864
0 0 0 1 1 0 2 3 : 648
0 0 0 1 1 0 3 2 : 432
0 0 0 1 1 0 4 1 : 216
0 0 0 1 1 1 0 4 : 648
0 0 0 1 1 1 1 3 : 486
0 0 0 1 1 1 2 2 : 324
0 0 0 1 1 1 3 1 : 162
0 0 0 1 1 2 0 3 : 324
0 0 0 1 1 2 1 2 : 216
0 0 0 1 1 2 2 1 : 108
0 0 0 1 1 3 0 2 : 108
0 0 0 1 1 3 1 1 : 54
0 0 0 1 2 0 0 4 : 432
0 0 0 1 2 0 1 3 : 324
0 0 0 1 2 0 2 2 : 216
0 0 0 1 2 0 3 1 : 108
0 0 0 1 2 1 0 3 : 216
0 0 0 1 2 1 1 2 : 144
0 0 0 1 2 1 2 1 : 72
0 0 0 1 2 2 0 2 : 72
0 0 0 1 2 2 1 1 : 36
0 0 0 1 3 0 0 3 : 108
0 0 0 1 3 0 1 2 : 72
0 0 0 1 3 0 2 1 : 36
0 0 0 1 3 1 0 2 : 36
0 0 0 1 3 1 1 1 : 18
0 0 0 2 0 0 0 5 : 720
0 0 0 2 0 0 1 4 : 576
0 0 0 2 0 0 2 3 : 432
0 0 0 2 0 0 3 2 : 288
0 0 0 2 0 0 4 1 : 144
0 0 0 2 0 1 0 4 : 432
0 0 0 2 0 1 1 3 : 324
0 0 0 2 0 1 2 2 : 216
0 0 0 2 0 1 3 1 : 108
0 0 0 2 0 2 0 3 : 216
0 0 0 2 0 2 1 2 : 144
0 0 0 2 0 2 2 1 : 72
0 0 0 2 0 3 0 2 : 72
0 0 0 2 0 3 1 1 : 36
0 0 0 2 1 0 0 4 : 288
0 0 0 2 1 0 1 3 : 216
0 0 0 2 1 0 2 2 : 144
0 0 0 2 1 0 3 1 : 72
0 0 0 2 1 1 0 3 : 144
0 0 0 2 1 1 1 2 : 96
0 0 0 2 1 1 2 1 : 48
0 0 0 2 1 2 0 2 : 48
0 0 0 2 1 2 1 1 : 24
0 0 0 2 2 0 0 3 : 72
0 0 0 2 2 0 1 2 : 48
0 0 0 2 2 0 2 1 : 24
0 0 0 2 2 1 0 2 : 24
0 0 0 2 2 1 1 1 : 12
0 0 0 3 0 0 0 4 : 144
0 0 0 3 0 0 1 3 : 108
0 0 0 3 0 0 2 2 : 72
0 0 0 3 0 0 3 1 : 36
0 0 0 3 0 1 0 3 : 72
0 0 0 3 0 1 1 2 : 48
0 0 0 3 0 1 2 1 : 24
0 0 0 3 0 2 0 2 : 24
0 0 0 3 0 2 1 1 : 12
0 0 0 3 1 0 0 3 : 36
0 0 0 3 1 0 1 2 : 24
0 0 0 3 1 0 2 1 : 12
0 0 0 3 1 1 0 2 : 12
0 0 0 3 1 1 1 1 : 6
0 0 1 0 0 0 0 6 : 1440
0 0 1 0 0 0 1 5 : 1200
0 0 1 0 0 0 2 4 : 960
0 0 1 0 0 0 3 3 : 720
0 0 1 0 0 0 4 2 : 480
0 0 1 0 0 0 5 1 : 240
0 0 1 0 0 1 0 5 : 960
0 0 1 0 0 1 1 4 : 768
0 0 1 0 0 1 2 3 : 576
0 0 1 0 0 1 3 2 : 384
0 0 1 0 0 1 4 1 : 192
0 0 1 0 0 2 0 4 : 576
0 0 1 0 0 2 1 3 : 432
0 0 1 0 0 2 2 2 : 288
0 0 1 0 0 2 3 1 : 144
0 0 1 0 0 3 0 3 : 288
0 0 1 0 0 3 1 2 : 192
0 0 1 0 0 3 2 1 : 96
0 0 1 0 0 4 0 2 : 96
0 0 1 0 0 4 1 1 : 48
0 0 1 0 1 0 0 5 : 720
0 0 1 0 1 0 1 4 : 576
0 0 1 0 1 0 2 3 : 432
0 0 1 0 1 0 3 2 : 288
0 0 1 0 1 0 4 1 : 144
0 0 1 0 1 1 0 4 : 432
0 0 1 0 1 1 1 3 : 324
0 0 1 0 1 1 2 2 : 216
0 0 1 0 1 1 3 1 : 108
0 0 1 0 1 2 0 3 : 216
0 0 1 0 1 2 1 2 : 144
0 0 1 0 1 2 2 1 : 72
0 0 1 0 1 3 0 2 : 72
0 0 1 0 1 3 1 1 : 36
0 0 1 0 2 0 0 4 : 288
0 0 1 0 2 0 1 3 : 216
0 0 1 0 2 0 2 2 : 144
0 0 1 0 2 0 3 1 : 72
0 0 1 0 2 1 0 3 : 144
0 0 1 0 2 1 1 2 : 96
0 0 1 0 2 1 2 1 : 48
0 0 1 0 2 2 0 2 : 48
0 0 1 0 2 2 1 1 : 24
0 0 1 0 3 0 0 3 : 72
0 0 1 0 3 0 1 2 : 48
0 0 1 0 3 0 2 1 : 24
0 0 1 0 3 1 0 2 : 24
0 0 1 0 3 1 1 1 : 12
0 0 1 1 0 0 0 5 : 480
0 0 1 1 0 0 1 4 : 384
0 0 1 1 0 0 2 3 : 288
0 0 1 1 0 0 3 2 : 192
0 0 1 1 0 0 4 1 : 96
0 0 1 1 0 1 0 4 : 288
0 0 1 1 0 1 1 3 : 216
0 0 1 1 0 1 2 2 : 144
0 0 1 1 0 1 3 1 : 72
0 0 1 1 0 2 0 3 : 144
0 0 1 1 0 2 1 2 : 96
0 0 1 1 0 2 2 1 : 48
0 0 1 1 0 3 0 2 : 48
0 0 1 1 0 3 1 1 : 24
0 0 1 1 1 0 0 4 : 192
0 0 1 1 1 0 1 3 : 144
0 0 1 1 1 0 2 2 : 96
0 0 1 1 1 0 3 1 : 48
0 0 1 1 1 1 0 3 : 96
0 0 1 1 1 1 1 2 : 64
0 0 1 1 1 1 2 1 : 32
0 0 1 1 1 2 0 2 : 32
0 0 1 1 1 2 1 1 : 16
0 0 1 1 2 0 0 3 : 48
0 0 1 1 2 0 1 2 : 32
0 0 1 1 2 0 2 1 : 16
0 0 1 1 2 1 0 2 : 16
0 0 1 1 2 1 1 1 : 8
0 0 1 2 0 0 0 4 : 96
0 0 1 2 0 0 1 3 : 72
0 0 1 2 0 0 2 2 : 48
0 0 1 2 0 0 3 1 : 24
0 0 1 2 0 1 0 3 : 48
0 0 1 2 0 1 1 2 : 32
0 0 1 2 0 1 2 1 : 16
0 0 1 2 0 2 0 2 : 16
0 0 1 2 0 2 1 1 : 8
0 0 1 2 1 0 0 3 : 24
0 0 1 2 1 0 1 2 : 16
0 0 1 2 1 0 2 1 : 8
0 0 1 2 1 1 0 2 : 8
0 0 1 2 1 1 1 1 : 4
0 0 2 0 0 0 0 5 : 240
0 0 2 0 0 0 1 4 : 192
0 0 2 0 0 0 2 3 : 144
0 0 2 0 0 0 3 2 : 96
0 0 2 0 0 0 4 1 : 48
0 0 2 0 0 1 0 4 : 144
0 0 2 0 0 1 1 3 : 108
0 0 2 0 0 1 2 2 : 72
0 0 2 0 0 1 3 1 : 36
0 0 2 0 0 2 0 3 : 72
0 0 2 0 0 2 1 2 : 48
0 0 2 0 0 2 2 1 : 24
0 0 2 0 0 3 0 2 : 24
0 0 2 0 0 3 1 1 : 12
0 0 2 0 1 0 0 4 : 96
0 0 2 0 1 0 1 3 : 72
0 0 2 0 1 0 2 2 : 48
0 0 2 0 1 0 3 1 : 24
0 0 2 0 1 1 0 3 : 48
0 0 2 0 1 1 1 2 : 32
0 0 2 0 1 1 2 1 : 16
0 0 2 0 1 2 0 2 : 16
0 0 2 0 1 2 1 1 : 8
0 0 2 0 2 0 0 3 : 24
0 0 2 0 2 0 1 2 : 16
0 0 2 0 2 0 2 1 : 8
0 0 2 0 2 1 0 2 : 8
0 0 2 0 2 1 1 1 : 4
0 0 2 1 0 0 0 4 : 48
0 0 2 1 0 0 1 3 : 36
0 0 2 1 0 0 2 2 : 24
0 0 2 1 0 0 3 1 : 12
0 0 2 1 0 1 0 3 : 24
0 0 2 1 0 1 1 2 : 16
0 0 2 1 0 1 2 1 : 8
0 0 2 1 0 2 0 2 : 8
0 0 2 1 0 2 1 1 : 4
0 0 2 1 1 0 0 3 : 12
0 0 2 1 1 0 1 2 : 8
0 0 2 1 1 0 2 1 : 4
0 0 2 1 1 1 0 2 : 4
0 0 2 1 1 1 1 1 : 2
0 1 0 0 0 0 0 6 : 720
0 1 0 0 0 0 1 5 : 600
0 1 0 0 0 0 2 4 : 480
0 1 0 0 0 0 3 3 : 360
0 1 0 0 0 0 4 2 : 240
0 1 0 0 0 0 5 1 : 120
0 1 0 0 0 1 0 5 : 480
0 1 0 0 0 1 1 4 : 384
0 1 0 0 0 1 2 3 : 288
0 1 0 0 0 1 3 2 : 192
0 1 0 0 0 1 4 1 : 96
0 1 0 0 0 2 0 4 : 288
0 1 0 0 0 2 1 3 : 216
0 1 0 0 0 2 2 2 : 144
0 1 0 0 0 2 3 1 : 72
0 1 0 0 0 3 0 3 : 144
0 1 0 0 0 3 1 2 : 96
0 1 0 0 0 3 2 1 : 48
0 1 0 0 0 4 0 2 : 48
0 1 0 0 0 4 1 1 : 24
0 1 0 0 1 0 0 5 : 360
0 1 0 0 1 0 1 4 : 288
0 1 0 0 1 0 2 3 : 216
0 1 0 0 1 0 3 2 : 144
0 1 0 0 1 0 4 1 : 72
0 1 0 0 1 1 0 4 : 216
0 1 0 0 1 1 1 3 : 162
0 1 0 0 1 1 2 2 : 108
0 1 0 0 1 1 3 1 : 54
0 1 0 0 1 2 0 3 : 108
0 1 0 0 1 2 1 2 : 72
0 1 0 0 1 2 2 1 : 36
0 1 0 0 1 3 0 2 : 36
0 1 0 0 1 3 1 1 : 18
0 1 0 0 2 0 0 4 : 144
0 1 0 0 2 0 1 3 : 108
0 1 0 0 2 0 2 2 : 72
0 1 0 0 2 0 3 1 : 36
0 1 0 0 2 1 0 3 : 72
0 1 0 0 2 1 1 2 : 48
0 1 0 0 2 1 2 1 : 24
0 1 0 0 2 2 0 2 : 24
0 1 0 0 2 2 1 1 : 12
0 1 0 0 3 0 0 3 : 36
0 1 0 0 3 0 1 2 : 24
0 1 0 0 3 0 2 1 : 12
0 1 0 0 3 1 0 2 : 12
0 1 0 0 3 1 1 1 : 6
0 1 0 1 0 0 0 5 : 240
0 1 0 1 0 0 1 4 : 192
0 1 0 1 0 0 2 3 : 144
0 1 0 1 0 0 3 2 : 96
0 1 0 1 0 0 4 1 : 48
0 1 0 1 0 1 0 4 : 144
0 1 0 1 0 1 1 3 : 108
0 1 0 1 0 1 2 2 : 72
0 1 0 1 0 1 3 1 : 36
0 1 0 1 0 2 0 3 : 72
0 1 0 1 0 2 1 2 : 48
0 1 0 1 0 2 2 1 : 24
0 1 0 1 0 3 0 2 : 24
0 1 0 1 0 3 1 1 : 12
0 1 0 1 1 0 0 4 : 96
0 1 0 1 1 0 1 3 : 72
0 1 0 1 1 0 2 2 : 48
0 1 0 1 1 0 3 1 : 24
0 1 0 1 1 1 0 3 : 48
0 1 0 1 1 1 1 2 : 32
0 1 0 1 1 1 2 1 : 16
0 1 0 1 1 2 0 2 : 16
0 1 0 1 1 2 1 1 : 8
0 1 0 1 2 0 0 3 : 24
0 1 0 1 2 0 1 2 : 16
0 1 0 1 2 0 2 1 : 8
0 1 0 1 2 1 0 2 : 8
0 1 0 1 2 1 1 1 : 4
0 1 0 2 0 0 0 4 : 48
0 1 0 2 0 0 1 3 : 36
0 1 0 2 0 0 2 2 : 24
0 1 0 2 0 0 3 1 : 12
0 1 0 2 0 1 0 3 : 24
0 1 0 2 0 1 1 2 : 16
0 1 0 2 0 1 2 1 : 8
0 1 0 2 0 2 0 2 : 8
0 1 0 2 0 2 1 1 : 4
0 1 0 2 1 0 0 3 : 12
0 1 0 2 1 0 1 2 : 8
0 1 0 2 1 0 2 1 : 4
0 1 0 2 1 1 0 2 : 4
0 1 0 2 1 1 1 1 : 2
0 1 1 0 0 0 0 5 : 120
0 1 1 0 0 0 1 4 : 96
0 1 1 0 0 0 2 3 : 72
0 1 1 0 0 0 3 2 : 48
0 1 1 0 0 0 4 1 : 24
0 1 1 0 0 1 0 4 : 72
0 1 1 0 0 1 1 3 : 54
0 1 1 0 0 1 2 2 : 36
0 1 1 0 0 1 3 1 : 18
0 1 1 0 0 2 0 3 : 36
0 1 1 0 0 2 1 2 : 24
0 1 1 0 0 2 2 1 : 12
0 1 1 0 0 3 0 2 : 12
0 1 1 0 0 3 1 1 : 6
0 1 1 0 1 0 0 4 : 48
0 1 1 0 1 0 1 3 : 36
0 1 1 0 1 0 2 2 : 24
0 1 1 0 1 0 3 1 : 12
0 1 1 0 1 1 0 3 : 24
0 1 1 0 1 1 1 2 : 16
0 1 1 0 1 1 2 1 : 8
0 1 1 0 1 2 0 2 : 8
0 1 1 0 1 2 1 1 : 4
0 1 1 0 2 0 0 3 : 12
0 1 1 0 2 0 1 2 : 8
0 1 1 0 2 0 2 1 : 4
0 1 1 0 2 1 0 2 : 4
0 1 1 0 2 1 1 1 : 2
0 1 1 1 0 0 0 4 : 24
0 1 1 1 0 0 1 3 : 18
0 1 1 1 0 0 2 2 : 12
0 1 1 1 0 0 3 1 : 6
0 1 1 1 0 1 0 3 : 12
0 1 1 1 0 1 1 2 : 8
0 1 1 1 0 1 2 1 : 4
0 1 1 1 0 2 0 2 : 4
0 1 1 1 0 2 1 1 : 2
0 1 1 1 1 0 0 3 : 6
0 1 1 1 1 0 1 2 : 4
0 1 1 1 1 0 2 1 : 2
0 1 1 1 1 1 0 2 : 2
0 1 1 1 1 1 1 1 : 1
Total connected chord diagrams of size 8: 593859
computation took about 4.65 seconds
